2014
2023
2013
2021
2020
2023
2019
2021
2022
2009
2022
2021
2017
2013
2020
2016
2012
2023
2022
2017
2019
2020
2016
2020
2018
2016
2014
2022
2023
2023
2023
1998
1998
2023
2018
2022
2007
2007
1998
2012
2017
1994
2023
2023
2021
2022
2017
2023
2016
2017
2006
2020
2021
2020
2021
2009
2010
2022
2018
2000
2021
2020
2014
2018
2020
2011
2019
2009
2021
2024
2021
2023
2019
2016
2022
2015
2013
2009
2017
2013
2007
2015
2013
2015
2013
2017
2004
2020
2020
2021
2019
2012
1999
2022
2016
2016
2023
2012
2008
2019
2023
2019
2021
2016
2020
2018
2019
2015
2016
2018
2015
2021
2009
2013
2021
2019
2012
2022
2017
2021
2020
2014
2014
2009
2023
2001
2019
2018
2019
2011
2012
2021
2023
2019
2018
2015
2020
2016
2015
2022
2018
2011
2022
2023
2023
2017
2012
1996
2014
2023
2022
2003
2003
2023
2023
2015
2020
2022
1996
2006
2023
2020
1996
2018
2023
2012
2022
2008
2022
1997
2008
2014
2019
2021
2022
2005
2020
2011
2009
2021
2014
2014
2001
2011
2013
2017
2022
2023
2019
2013
2021
2015
2023
2014
2022
2021
2016
2021
2023
2017
2021
2021
2007
2005
1999
2009
2021
2019
2023
2023
1998
2020
2019
2022
2013
2005
2011
2012
2014
2019
2023
2021
2023
2003
2006
1998
2023
2021
2013
2011
2023
2022
2023
2023
2017
2022
2022
2015
2009
2020
2021
2021
2023
2011
2020
2013
2015
2006
2022
2024
2009
2023
2023
2015
2023
2007
2010
2018
2022
2001
2023
2023
2021
2001
2021
2023
2017
2001
2015
2010
2016
2011
2019
2008
2020
2008
2020
2009
2022
2012
2022
2007
2022
2005
2006
1997
2022
2018
2018
2023
2018
2015
2023
2022
2023
2023
2022
2005
2014
2014
2020
2012
2020
2023
2014
2023
2022
2018
2021
2018
2002
2018
2016
2020
1997
2000
2020
2019
2004
2013
2021
2015
2021
2023
1998
2007
1997
1997
2014
2014
2021
2015
1998
2016
2023
2009
2008
2008
2022
2019
2020
2005
2007
2017
2016
2006
2019
