6,1.6838e-09,1.6838e-09,1.6838e-09,1.6838e-09,1.6838e-09,1.6838e-09,1.6838e-09,1.6838e-09,1.6838e-09,1.6838e-09,1.6838e-09,1.6838e-09,1.6838e-09,1.6838e-09,1.6838e-09,1.6838e-09,1.6838e-09,1.6838e-09,1.6838e-09,1.6838e-09,1.6838e-09,1.6838e-09,1.6838e-09,1.6838e-09,1.6838e-09,1.6838e-09,1.6838e-09,1.6838e-09,1.6838e-09,1.6838e-09,1.6838e-09,1.6838e-09,1.6838e-09,1.6838e-09,1.6838e-09,1.6838e-09,1.6838e-09,1.6838e-09,1.6838e-09,1.6838e-09,1.6838e-09,1.6838e-09,1.6838e-09,1.6838e-09,1.6838e-09,1.6838e-09,1.6838e-09,1.6838e-09,1.6838e-09,1.6838e-09
12,1.68606e-09,1.68606e-09,1.68606e-09,1.6838e-09,1.68606e-09,1.68606e-09,1.6838e-09,1.68606e-09,1.68606e-09,1.68606e-09,1.68606e-09,1.6838e-09,1.68606e-09,1.68606e-09,1.68606e-09,1.6838e-09,1.68606e-09,1.68606e-09,1.6838e-09,1.68606e-09,1.68606e-09,1.68606e-09,1.6838e-09,1.68606e-09,1.68606e-09,1.6838e-09,1.6838e-09,1.68606e-09,1.68606e-09,1.68606e-09,1.68606e-09,1.68606e-09,1.6838e-09,1.6838e-09,1.68606e-09,1.68606e-09,1.68606e-09,1.68606e-09,1.68606e-09,1.68606e-09,1.6838e-09,1.68606e-09,1.6838e-09,1.68606e-09,1.6838e-09,1.6838e-09,1.6838e-09,1.68606e-09,1.6838e-09,1.6838e-09
18,1.68606e-09,1.68606e-09,1.68606e-09,1.68606e-09,1.68606e-09,1.68606e-09,1.68606e-09,1.68606e-09,1.68606e-09,1.68606e-09,1.68606e-09,1.68606e-09,1.68606e-09,1.68606e-09,1.68606e-09,1.68606e-09,1.68606e-09,1.68606e-09,1.68606e-09,1.68606e-09,1.68606e-09,1.68606e-09,1.68606e-09,1.68606e-09,1.68606e-09,1.68606e-09,1.68606e-09,1.68606e-09,1.68606e-09,1.68606e-09,1.68606e-09,1.68606e-09,1.68606e-09,1.68606e-09,1.68606e-09,1.68606e-09,1.68606e-09,1.68606e-09,1.68606e-09,1.68606e-09,1.68606e-09,1.68606e-09,1.68606e-09,1.68606e-09,1.68606e-09,1.68606e-09,1.68606e-09,1.68606e-09,1.68606e-09,1.68606e-09
24,1.68606e-09,1.68606e-09,1.68606e-09,1.68606e-09,1.68606e-09,1.68606e-09,1.68606e-09,1.68606e-09,1.68606e-09,1.68606e-09,1.68606e-09,1.68606e-09,1.68606e-09,1.68606e-09,1.68606e-09,1.68606e-09,1.68606e-09,1.68606e-09,1.68606e-09,1.68606e-09,1.68606e-09,1.68606e-09,1.68606e-09,1.68606e-09,1.68606e-09,1.68606e-09,1.68606e-09,1.68606e-09,1.68606e-09,1.68606e-09,1.68606e-09,1.68606e-09,1.68606e-09,1.68606e-09,1.68606e-09,1.68606e-09,1.68606e-09,1.68606e-09,1.68606e-09,1.68606e-09,1.68606e-09,1.68606e-09,1.68606e-09,1.68606e-09,1.68606e-09,1.68606e-09,1.68606e-09,1.68606e-09,1.68606e-09,1.68606e-09
30,1.69926e-09,1.69926e-09,1.69926e-09,1.69926e-09,1.69926e-09,1.69926e-09,1.69926e-09,1.69926e-09,1.69926e-09,1.69926e-09,1.69926e-09,1.69926e-09,1.69926e-09,1.69926e-09,1.69926e-09,1.69926e-09,1.69926e-09,1.69926e-09,1.69926e-09,1.69926e-09,1.69926e-09,1.69926e-09,1.69926e-09,1.69926e-09,1.69926e-09,1.69926e-09,1.69926e-09,1.69926e-09,1.69926e-09,1.69926e-09,1.69926e-09,1.69926e-09,1.69926e-09,1.69926e-09,1.69926e-09,1.69926e-09,1.69926e-09,1.69926e-09,1.69926e-09,1.69926e-09,1.69926e-09,1.69926e-09,1.69926e-09,1.69926e-09,1.69926e-09,1.69926e-09,1.69926e-09,1.69926e-09,1.69926e-09,1.69926e-09
36,1.69926e-09,1.69926e-09,1.69926e-09,1.69926e-09,1.69926e-09,1.69926e-09,1.69926e-09,1.69926e-09,1.69926e-09,1.69926e-09,1.69926e-09,1.69926e-09,1.69926e-09,1.69926e-09,1.69926e-09,1.69926e-09,1.69926e-09,1.69926e-09,1.69926e-09,1.69926e-09,1.69926e-09,1.69926e-09,1.69926e-09,1.69926e-09,1.69926e-09,1.69926e-09,1.69926e-09,1.69926e-09,1.69926e-09,1.69926e-09,1.69926e-09,1.69926e-09,1.69926e-09,1.69926e-09,1.69926e-09,1.69926e-09,1.69926e-09,1.69926e-09,1.69926e-09,1.69926e-09,1.69926e-09,1.69926e-09,1.69926e-09,1.69926e-09,1.69926e-09,1.69926e-09,1.69926e-09,1.69926e-09,1.69926e-09,1.69926e-09
42,1.69926e-09,1.69926e-09,1.69926e-09,1.69926e-09,1.69926e-09,1.69926e-09,1.69926e-09,1.69926e-09,1.69926e-09,1.69926e-09,1.69926e-09,1.69926e-09,1.69926e-09,1.69926e-09,1.69926e-09,1.69926e-09,1.69926e-09,1.69926e-09,1.69926e-09,1.69926e-09,1.69926e-09,1.69926e-09,1.69926e-09,1.69926e-09,1.69926e-09,1.69926e-09,1.69926e-09,1.69926e-09,1.69926e-09,1.69926e-09,1.69926e-09,1.69926e-09,1.69926e-09,1.69926e-09,1.69926e-09,1.69926e-09,1.69926e-09,1.69926e-09,1.69926e-09,1.69926e-09,1.69926e-09,1.69926e-09,1.69926e-09,1.69926e-09,1.69926e-09,1.69926e-09,1.69926e-09,1.69926e-09,1.69926e-09,1.69926e-09
48,1.69926e-09,1.69926e-09,1.69926e-09,1.69926e-09,1.69926e-09,1.69926e-09,1.69926e-09,1.69926e-09,1.69926e-09,1.69926e-09,1.69926e-09,1.69926e-09,1.69926e-09,1.69926e-09,1.69926e-09,1.69926e-09,1.69926e-09,1.69926e-09,1.69926e-09,1.69926e-09,1.69926e-09,1.69926e-09,1.69926e-09,1.69926e-09,1.69926e-09,1.69926e-09,1.69926e-09,1.69926e-09,1.69926e-09,1.69926e-09,1.69926e-09,1.69926e-09,1.69926e-09,1.69926e-09,1.69926e-09,1.69926e-09,1.69926e-09,1.69926e-09,1.69926e-09,1.69926e-09,1.69926e-09,1.69926e-09,1.69926e-09,1.69926e-09,1.69926e-09,1.69926e-09,1.69926e-09,1.69926e-09,1.69926e-09,1.69926e-09
54,1.69926e-09,1.69926e-09,1.69926e-09,1.69926e-09,1.69926e-09,1.69926e-09,1.69926e-09,1.69926e-09,1.69926e-09,1.69926e-09,1.69926e-09,1.69926e-09,1.69926e-09,1.69926e-09,1.69926e-09,1.69926e-09,1.69926e-09,1.69926e-09,1.69926e-09,1.69926e-09,1.69926e-09,1.69926e-09,1.69926e-09,1.69926e-09,1.69926e-09,1.69926e-09,1.69926e-09,1.69926e-09,1.69926e-09,1.69926e-09,1.69926e-09,1.69926e-09,1.69926e-09,1.69926e-09,1.69926e-09,1.69926e-09,1.69926e-09,1.69926e-09,1.69926e-09,1.69926e-09,1.69926e-09,1.69926e-09,1.69926e-09,1.69926e-09,1.69926e-09,1.69926e-09,1.69926e-09,1.69926e-09,1.69926e-09,1.69926e-09
60,1.69926e-09,1.69926e-09,1.69926e-09,1.69926e-09,1.69926e-09,1.69926e-09,1.69926e-09,1.69926e-09,1.69926e-09,1.69926e-09,1.69926e-09,1.69926e-09,1.69926e-09,1.69926e-09,1.69926e-09,1.69926e-09,1.69926e-09,1.69926e-09,1.69926e-09,1.69926e-09,1.69926e-09,1.69926e-09,1.69926e-09,1.69926e-09,1.69926e-09,1.69926e-09,1.69926e-09,1.69926e-09,1.69926e-09,1.69926e-09,1.69926e-09,1.69926e-09,1.69926e-09,1.69926e-09,1.69926e-09,1.69926e-09,1.69926e-09,1.69926e-09,1.69926e-09,1.69926e-09,1.69926e-09,1.69926e-09,1.69926e-09,1.69926e-09,1.69926e-09,1.69926e-09,1.69926e-09,1.69926e-09,1.69926e-09,1.69926e-09
66,1.69926e-09,1.69926e-09,1.69926e-09,1.69926e-09,1.69926e-09,1.69926e-09,1.69926e-09,1.69926e-09,1.69926e-09,1.69926e-09,1.69926e-09,1.69926e-09,1.69926e-09,1.69926e-09,1.69926e-09,1.69926e-09,1.69926e-09,1.69926e-09,1.69926e-09,1.69926e-09,1.69926e-09,1.69926e-09,1.69926e-09,1.69926e-09,1.69926e-09,1.69926e-09,1.69926e-09,1.69926e-09,1.69926e-09,1.69926e-09,1.69926e-09,1.69926e-09,1.69926e-09,1.69926e-09,1.69926e-09,1.69926e-09,1.69926e-09,1.69926e-09,1.69926e-09,1.69926e-09,1.69926e-09,1.69926e-09,1.69926e-09,1.69926e-09,1.69926e-09,1.69926e-09,1.69926e-09,1.69926e-09,1.69926e-09,1.69926e-09
72,1.69926e-09,1.69926e-09,1.69926e-09,1.69926e-09,1.69926e-09,1.69926e-09,1.69926e-09,1.69926e-09,1.69926e-09,1.69926e-09,1.69926e-09,1.69926e-09,1.69926e-09,1.69926e-09,1.69926e-09,1.69926e-09,1.69926e-09,1.69926e-09,1.69926e-09,1.69926e-09,1.69926e-09,1.69926e-09,1.69926e-09,1.69926e-09,1.69926e-09,1.69926e-09,1.69926e-09,1.69926e-09,1.69926e-09,1.69926e-09,1.69926e-09,1.69926e-09,1.69926e-09,1.69926e-09,1.69926e-09,1.69926e-09,1.69926e-09,1.69926e-09,1.69926e-09,1.69926e-09,1.69926e-09,1.69926e-09,1.69926e-09,1.69926e-09,1.69926e-09,1.69926e-09,1.69926e-09,1.69926e-09,1.69926e-09,1.69926e-09
78,1.69926e-09,1.69926e-09,1.69926e-09,1.69926e-09,1.69926e-09,1.69926e-09,1.69926e-09,1.69926e-09,1.69926e-09,1.69926e-09,1.69926e-09,1.69926e-09,1.69926e-09,1.69926e-09,1.69926e-09,1.69926e-09,1.69926e-09,1.69926e-09,1.69926e-09,1.69926e-09,1.69926e-09,1.69926e-09,1.69926e-09,1.69926e-09,1.69926e-09,1.69926e-09,1.69926e-09,1.69926e-09,1.69926e-09,1.69926e-09,1.69926e-09,1.69926e-09,1.69926e-09,1.69926e-09,1.69926e-09,1.69926e-09,1.69926e-09,1.69926e-09,1.69926e-09,1.69926e-09,1.69926e-09,1.69926e-09,1.69926e-09,1.69926e-09,1.69926e-09,1.69926e-09,1.69926e-09,1.69926e-09,1.69926e-09,1.69926e-09
84,1.69926e-09,1.69926e-09,1.69926e-09,1.69926e-09,1.69926e-09,1.69926e-09,1.69926e-09,1.69926e-09,1.69926e-09,1.69926e-09,1.69926e-09,1.69926e-09,1.69926e-09,1.69926e-09,1.69926e-09,1.69926e-09,1.69926e-09,1.69926e-09,1.69926e-09,1.69926e-09,1.69926e-09,1.69926e-09,1.69926e-09,1.69926e-09,1.69926e-09,1.69926e-09,1.69926e-09,1.69926e-09,1.69926e-09,1.69926e-09,1.69926e-09,1.69926e-09,1.69926e-09,1.69926e-09,1.69926e-09,1.69926e-09,1.69926e-09,1.69926e-09,1.69926e-09,1.69926e-09,1.69926e-09,1.69926e-09,1.69926e-09,1.69926e-09,1.69926e-09,1.69926e-09,1.69926e-09,1.69926e-09,1.69926e-09,1.69926e-09
90,1.69926e-09,1.69926e-09,1.69926e-09,1.69926e-09,1.69926e-09,1.69926e-09,1.69926e-09,1.69926e-09,1.69926e-09,1.69926e-09,1.69926e-09,1.69926e-09,1.69926e-09,1.69926e-09,1.69926e-09,1.69926e-09,1.69926e-09,1.69926e-09,1.69926e-09,1.69926e-09,1.69926e-09,1.69926e-09,1.69926e-09,1.69926e-09,1.69926e-09,1.69926e-09,1.69926e-09,1.69926e-09,1.69926e-09,1.69926e-09,1.69926e-09,1.69926e-09,1.69926e-09,1.69926e-09,1.69926e-09,1.69926e-09,1.69926e-09,1.69926e-09,1.69926e-09,1.69926e-09,1.69926e-09,1.69926e-09,1.69926e-09,1.69926e-09,1.69926e-09,1.69926e-09,1.69926e-09,1.69926e-09,1.69926e-09,1.69926e-09
96,1.71963e-09,1.71963e-09,1.71963e-09,1.71963e-09,1.71963e-09,1.71963e-09,1.71963e-09,1.71963e-09,1.71963e-09,1.71963e-09,1.71963e-09,1.71963e-09,1.71963e-09,1.71963e-09,1.71963e-09,1.71963e-09,1.71963e-09,1.71963e-09,1.71963e-09,1.71963e-09,1.71963e-09,1.71963e-09,1.71963e-09,1.71963e-09,1.71963e-09,1.71963e-09,1.71963e-09,1.71963e-09,1.71963e-09,1.71963e-09,1.71963e-09,1.71963e-09,1.71963e-09,1.71963e-09,1.71963e-09,1.71963e-09,1.71963e-09,1.71963e-09,1.71963e-09,1.71963e-09,1.71963e-09,1.71963e-09,1.71963e-09,1.71963e-09,1.71963e-09,1.71963e-09,1.71963e-09,1.71963e-09,1.71963e-09,1.71963e-09
102,1.71963e-09,1.71963e-09,1.71963e-09,1.71963e-09,1.71963e-09,1.71963e-09,1.71963e-09,1.71963e-09,1.71963e-09,1.71963e-09,1.71963e-09,1.71963e-09,1.71963e-09,1.71963e-09,1.71963e-09,1.71963e-09,1.71963e-09,1.71963e-09,1.71963e-09,1.71963e-09,1.71963e-09,1.71963e-09,1.71963e-09,1.71963e-09,1.71963e-09,1.71963e-09,1.71963e-09,1.71963e-09,1.71963e-09,1.71963e-09,1.71963e-09,1.71963e-09,1.71963e-09,1.71963e-09,1.71963e-09,1.71963e-09,1.71963e-09,1.71963e-09,1.71963e-09,1.71963e-09,1.71963e-09,1.71963e-09,1.71963e-09,1.71963e-09,1.71963e-09,1.71963e-09,1.71963e-09,1.71963e-09,1.71963e-09,1.71963e-09
108,1.71963e-09,1.71963e-09,1.71963e-09,1.71963e-09,1.71963e-09,1.71963e-09,1.71963e-09,1.71963e-09,1.71963e-09,1.71963e-09,1.71963e-09,1.71963e-09,1.71963e-09,1.71963e-09,1.71963e-09,1.71963e-09,1.71963e-09,1.71963e-09,1.71963e-09,1.71963e-09,1.71963e-09,1.71963e-09,1.71963e-09,1.71963e-09,1.71963e-09,1.71963e-09,1.71963e-09,1.71963e-09,1.71963e-09,1.71963e-09,1.71963e-09,1.71963e-09,1.71963e-09,1.71963e-09,1.71963e-09,1.71963e-09,1.71963e-09,1.71963e-09,1.71963e-09,1.71963e-09,1.71963e-09,1.71963e-09,1.71963e-09,1.71963e-09,1.71963e-09,1.71963e-09,1.71963e-09,1.71963e-09,1.71963e-09,1.71963e-09
114,1.71963e-09,1.71963e-09,1.71963e-09,1.71963e-09,1.71963e-09,1.71963e-09,1.71963e-09,1.71963e-09,1.71963e-09,1.71963e-09,1.71963e-09,1.71963e-09,1.71963e-09,1.71963e-09,1.71963e-09,1.71963e-09,1.71963e-09,1.71963e-09,1.71963e-09,1.71963e-09,1.71963e-09,1.71963e-09,1.71963e-09,1.71963e-09,1.71963e-09,1.71963e-09,1.71963e-09,1.71963e-09,1.71963e-09,1.71963e-09,1.71963e-09,1.71963e-09,1.71963e-09,1.71963e-09,1.71963e-09,1.71963e-09,1.71963e-09,1.71963e-09,1.71963e-09,1.71963e-09,1.71963e-09,1.71963e-09,1.71963e-09,1.71963e-09,1.71963e-09,1.71963e-09,1.71963e-09,1.71963e-09,1.71963e-09,1.71963e-09
120,1.71963e-09,1.71963e-09,1.71963e-09,1.71963e-09,1.71963e-09,1.71963e-09,1.71963e-09,1.71963e-09,1.71963e-09,1.71963e-09,1.71963e-09,1.71963e-09,1.71963e-09,1.71963e-09,1.71963e-09,1.71963e-09,1.71963e-09,1.71963e-09,1.71963e-09,1.71963e-09,1.71963e-09,1.71963e-09,1.71963e-09,1.71963e-09,1.71963e-09,1.71963e-09,1.71963e-09,1.71963e-09,1.71963e-09,1.71963e-09,1.71963e-09,1.71963e-09,1.71963e-09,1.71963e-09,1.71963e-09,1.71963e-09,1.71963e-09,1.71963e-09,1.71963e-09,1.71963e-09,1.71963e-09,1.71963e-09,1.71963e-09,1.71963e-09,1.71963e-09,1.71963e-09,1.71963e-09,1.71963e-09,1.71963e-09,1.71963e-09
