6,6.75661e-05,6.75661e-05,6.75661e-05,6.75661e-05,6.75661e-05,6.75661e-05,6.75661e-05,6.75661e-05,6.75661e-05,6.75661e-05,6.75661e-05,6.75661e-05,6.75661e-05,6.75661e-05,6.75661e-05,6.75661e-05,6.75661e-05,6.75661e-05,6.75661e-05,6.75661e-05,6.75661e-05,6.75661e-05,6.75661e-05,6.75661e-05,6.75661e-05,6.75661e-05,6.75661e-05,6.75661e-05,6.75661e-05,6.75661e-05,6.75661e-05,6.75661e-05,6.75661e-05,6.75661e-05,6.75661e-05,6.75661e-05,6.75661e-05,6.75661e-05,6.75661e-05,6.75661e-05,6.75661e-05,6.75661e-05,6.75661e-05,6.75661e-05,6.75661e-05,6.75661e-05,6.75661e-05,6.75661e-05,6.75661e-05
12,6.75661e-05,6.75661e-05,6.75661e-05,6.75661e-05,6.75661e-05,6.75661e-05,6.75661e-05,6.75661e-05,6.75661e-05,6.75661e-05,6.75661e-05,6.75661e-05,6.75661e-05,6.75661e-05,6.75661e-05,6.75661e-05,6.75661e-05,6.75661e-05,6.75661e-05,6.75661e-05,6.75661e-05,6.75661e-05,6.75661e-05,6.75661e-05,6.75661e-05,6.75661e-05,6.75661e-05,6.75661e-05,6.75661e-05,6.75661e-05,6.75661e-05,6.75661e-05,6.75661e-05,6.75661e-05,6.75661e-05,6.75661e-05,6.75661e-05,6.75661e-05,6.75661e-05,6.75661e-05,6.75661e-05,6.75661e-05,6.75661e-05,6.75661e-05,6.75661e-05,6.75661e-05,6.75661e-05,6.75661e-05
18,6.75671e-05,6.75671e-05,6.75664e-05,6.75671e-05,6.75671e-05,6.75671e-05,6.75664e-05,6.75664e-05,6.75664e-05,6.75664e-05,6.75664e-05,6.75664e-05,6.75671e-05,6.75671e-05,6.75671e-05,6.75664e-05,6.75671e-05,6.75664e-05,6.75671e-05,6.75671e-05,6.75664e-05,6.75671e-05,6.75671e-05,6.75671e-05,6.75671e-05,6.75671e-05,6.75671e-05,6.75671e-05,6.75671e-05,6.75671e-05,6.75671e-05,6.75671e-05,6.75671e-05,6.75671e-05,6.75671e-05,6.75671e-05,6.75671e-05,6.75671e-05,6.75671e-05,6.75671e-05,6.75671e-05,6.75671e-05,6.75664e-05,6.75671e-05,6.75671e-05,6.75671e-05,6.75671e-05,6.75671e-05
24,6.75684e-05,6.75684e-05,6.75684e-05,6.75684e-05,6.75684e-05,6.75684e-05,6.75684e-05,6.75684e-05,6.75684e-05,6.75684e-05,6.75684e-05,6.75684e-05,6.75684e-05,6.75684e-05,6.75684e-05,6.75684e-05,6.75684e-05,6.75684e-05,6.75684e-05,6.75684e-05,6.75684e-05,6.75684e-05,6.75684e-05,6.75684e-05,6.75684e-05,6.75684e-05,6.75684e-05,6.75684e-05,6.75684e-05,6.75684e-05,6.75684e-05,6.75684e-05,6.75684e-05,6.75684e-05,6.75684e-05,6.75684e-05,6.75684e-05,6.75684e-05,6.75684e-05,6.75684e-05,6.75684e-05,6.75684e-05,6.75684e-05,6.75684e-05,6.75684e-05,6.75684e-05,6.75684e-05,6.75684e-05
30,6.75684e-05,6.75684e-05,6.75684e-05,6.75684e-05,6.75684e-05,6.75684e-05,6.75684e-05,6.75684e-05,6.75684e-05,6.75684e-05,6.75684e-05,6.75684e-05,6.75684e-05,6.75684e-05,6.75684e-05,6.75684e-05,6.75684e-05,6.75684e-05,6.75684e-05,6.75684e-05,6.75684e-05,6.75684e-05,6.75684e-05,6.75684e-05,6.75684e-05,6.75684e-05,6.75684e-05,6.75684e-05,6.75684e-05,6.75684e-05,6.75684e-05,6.75684e-05,6.75684e-05,6.75684e-05,6.75684e-05,6.75684e-05,6.75684e-05,6.75684e-05,6.75684e-05,6.75684e-05,6.75684e-05,6.75684e-05,6.75684e-05,6.75684e-05,6.75684e-05,6.75684e-05,6.75684e-05,6.75684e-05
36,6.75707e-05,6.75707e-05,6.75707e-05,6.75707e-05,6.75707e-05,6.75707e-05,6.75707e-05,6.75707e-05,6.75707e-05,6.75707e-05,6.75707e-05,6.75707e-05,6.75707e-05,6.75707e-05,6.75707e-05,6.75707e-05,6.75707e-05,6.75707e-05,6.75707e-05,6.75707e-05,6.75707e-05,6.75707e-05,6.75707e-05,6.75707e-05,6.75707e-05,6.75707e-05,6.75707e-05,6.75707e-05,6.75707e-05,6.75707e-05,6.75707e-05,6.75707e-05,6.75707e-05,6.75707e-05,6.75707e-05,6.75707e-05,6.75707e-05,6.75707e-05,6.75707e-05,6.75707e-05,6.75707e-05,6.75707e-05,6.75707e-05,6.75707e-05,6.75707e-05,6.75707e-05,6.75707e-05,6.75707e-05
42,6.75707e-05,6.75707e-05,6.75707e-05,6.75707e-05,6.75707e-05,6.75707e-05,6.75707e-05,6.75707e-05,6.75707e-05,6.75707e-05,6.75707e-05,6.75707e-05,6.75707e-05,6.75707e-05,6.75707e-05,6.75707e-05,6.75707e-05,6.75707e-05,6.75707e-05,6.75707e-05,6.75707e-05,6.75707e-05,6.75707e-05,6.75707e-05,6.75707e-05,6.75707e-05,6.75707e-05,6.75707e-05,6.75707e-05,6.75707e-05,6.75707e-05,6.75707e-05,6.75707e-05,6.75707e-05,6.75707e-05,6.75707e-05,6.75707e-05,6.75707e-05,6.75707e-05,6.75707e-05,6.75707e-05,6.75707e-05,6.75707e-05,6.75707e-05,6.75707e-05,6.75707e-05,6.75707e-05,6.75707e-05
48,6.75707e-05,6.75707e-05,6.75707e-05,6.75707e-05,6.75707e-05,6.75707e-05,6.75707e-05,6.75707e-05,6.75707e-05,6.75707e-05,6.75707e-05,6.75707e-05,6.75707e-05,6.75707e-05,6.75707e-05,6.75707e-05,6.75707e-05,6.75707e-05,6.75707e-05,6.75707e-05,6.75707e-05,6.75707e-05,6.75707e-05,6.75707e-05,6.75707e-05,6.75707e-05,6.75707e-05,6.75707e-05,6.75707e-05,6.75707e-05,6.75707e-05,6.75707e-05,6.75707e-05,6.75707e-05,6.75707e-05,6.75707e-05,6.75707e-05,6.75707e-05,6.75707e-05,6.75707e-05,6.75707e-05,6.75707e-05,6.75707e-05,6.75707e-05,6.75707e-05,6.75707e-05,6.75707e-05,6.75707e-05
54,6.75707e-05,6.75707e-05,6.75707e-05,6.75707e-05,6.75707e-05,6.75707e-05,6.75707e-05,6.75707e-05,6.75707e-05,6.75707e-05,6.75707e-05,6.75707e-05,6.75707e-05,6.75707e-05,6.75707e-05,6.75707e-05,6.75707e-05,6.75707e-05,6.75707e-05,6.75707e-05,6.75707e-05,6.75707e-05,6.75707e-05,6.75707e-05,6.75707e-05,6.75707e-05,6.75707e-05,6.75707e-05,6.75707e-05,6.75707e-05,6.75707e-05,6.75707e-05,6.75707e-05,6.75707e-05,6.75707e-05,6.75707e-05,6.75707e-05,6.75707e-05,6.75707e-05,6.75707e-05,6.75707e-05,6.75707e-05,6.75707e-05,6.75707e-05,6.75707e-05,6.75707e-05,6.75707e-05,6.75707e-05
60,6.75707e-05,6.75707e-05,6.75707e-05,6.75707e-05,6.75707e-05,6.75707e-05,6.75707e-05,6.75707e-05,6.75707e-05,6.75707e-05,6.75707e-05,6.75707e-05,6.75707e-05,6.75707e-05,6.75707e-05,6.75707e-05,6.75707e-05,6.75707e-05,6.75707e-05,6.75707e-05,6.75707e-05,6.75707e-05,6.75707e-05,6.75707e-05,6.75707e-05,6.75707e-05,6.75707e-05,6.75707e-05,6.75707e-05,6.75707e-05,6.75707e-05,6.75707e-05,6.75707e-05,6.75707e-05,6.75707e-05,6.75707e-05,6.75707e-05,6.75707e-05,6.75707e-05,6.75707e-05,6.75707e-05,6.75707e-05,6.75707e-05,6.75707e-05,6.75707e-05,6.75707e-05,6.75707e-05,6.75707e-05
66,6.75707e-05,6.75707e-05,6.75707e-05,6.75707e-05,6.75707e-05,6.75707e-05,6.75707e-05,6.75707e-05,6.75707e-05,6.75707e-05,6.75707e-05,6.75707e-05,6.75707e-05,6.75707e-05,6.75707e-05,6.75707e-05,6.75707e-05,6.75707e-05,6.75707e-05,6.75707e-05,6.75707e-05,6.75707e-05,6.75707e-05,6.75707e-05,6.75707e-05,6.75707e-05,6.75707e-05,6.75707e-05,6.75707e-05,6.75707e-05,6.75707e-05,6.75707e-05,6.75707e-05,6.75707e-05,6.75707e-05,6.75707e-05,6.75707e-05,6.75707e-05,6.75707e-05,6.75707e-05,6.75707e-05,6.75707e-05,6.75707e-05,6.75707e-05,6.75707e-05,6.75707e-05,6.75707e-05,6.75707e-05
72,6.75707e-05,6.75707e-05,6.75707e-05,6.75707e-05,6.75707e-05,6.75707e-05,6.75707e-05,6.75707e-05,6.75707e-05,6.75707e-05,6.75707e-05,6.75707e-05,6.75707e-05,6.75707e-05,6.75707e-05,6.75707e-05,6.75707e-05,6.75707e-05,6.75707e-05,6.75707e-05,6.75707e-05,6.75707e-05,6.75707e-05,6.75707e-05,6.75707e-05,6.75707e-05,6.75707e-05,6.75707e-05,6.75707e-05,6.75707e-05,6.75707e-05,6.75707e-05,6.75707e-05,6.75707e-05,6.75707e-05,6.75707e-05,6.75707e-05,6.75707e-05,6.75707e-05,6.75707e-05,6.75707e-05,6.75707e-05,6.75707e-05,6.75707e-05,6.75707e-05,6.75707e-05,6.75707e-05,6.75707e-05
78,6.75707e-05,6.75707e-05,6.75707e-05,6.75707e-05,6.75707e-05,6.75707e-05,6.75707e-05,6.75707e-05,6.75707e-05,6.75707e-05,6.75707e-05,6.75707e-05,6.75707e-05,6.75707e-05,6.75707e-05,6.75707e-05,6.75707e-05,6.75707e-05,6.75707e-05,6.75707e-05,6.75707e-05,6.75707e-05,6.75707e-05,6.75707e-05,6.75707e-05,6.75707e-05,6.75707e-05,6.75707e-05,6.75707e-05,6.75707e-05,6.75707e-05,6.75707e-05,6.75707e-05,6.75707e-05,6.75707e-05,6.75707e-05,6.75707e-05,6.75707e-05,6.75707e-05,6.75707e-05,6.75707e-05,6.75707e-05,6.75707e-05,6.75707e-05,6.75707e-05,6.75707e-05,6.75707e-05,6.75707e-05
84,6.75707e-05,6.75707e-05,6.75707e-05,6.75707e-05,6.75707e-05,6.75707e-05,6.75707e-05,6.75707e-05,6.75707e-05,6.75707e-05,6.75707e-05,6.75707e-05,6.75707e-05,6.75707e-05,6.75707e-05,6.75707e-05,6.75707e-05,6.75707e-05,6.75707e-05,6.75707e-05,6.75707e-05,6.75707e-05,6.75707e-05,6.75707e-05,6.75707e-05,6.75707e-05,6.75707e-05,6.75707e-05,6.75707e-05,6.75707e-05,6.75707e-05,6.75707e-05,6.75707e-05,6.75707e-05,6.75707e-05,6.75707e-05,6.75707e-05,6.75707e-05,6.75707e-05,6.75707e-05,6.75707e-05,6.75707e-05,6.75707e-05,6.75707e-05,6.75707e-05,6.75707e-05,6.75707e-05,6.75707e-05
90,6.75707e-05,6.75707e-05,6.75707e-05,6.75707e-05,6.75707e-05,6.75707e-05,6.75707e-05,6.75707e-05,6.75707e-05,6.75707e-05,6.75707e-05,6.75707e-05,6.75707e-05,6.75707e-05,6.75707e-05,6.75707e-05,6.75707e-05,6.75707e-05,6.75707e-05,6.75707e-05,6.75707e-05,6.75707e-05,6.75707e-05,6.75707e-05,6.75707e-05,6.75707e-05,6.75707e-05,6.75707e-05,6.75707e-05,6.75707e-05,6.75707e-05,6.75707e-05,6.75707e-05,6.75707e-05,6.75707e-05,6.75707e-05,6.75707e-05,6.75707e-05,6.75707e-05,6.75707e-05,6.75707e-05,6.75707e-05,6.75707e-05,6.75707e-05,6.75707e-05,6.75707e-05,6.75707e-05,6.75707e-05
96,6.75707e-05,6.75707e-05,6.75707e-05,6.75707e-05,6.75707e-05,6.75707e-05,6.75707e-05,6.75707e-05,6.75707e-05,6.75707e-05,6.75707e-05,6.75707e-05,6.75707e-05,6.75707e-05,6.75707e-05,6.75707e-05,6.75707e-05,6.75707e-05,6.75707e-05,6.75707e-05,6.75707e-05,6.75707e-05,6.75707e-05,6.75707e-05,6.75707e-05,6.75707e-05,6.75707e-05,6.75707e-05,6.75707e-05,6.75707e-05,6.75707e-05,6.75707e-05,6.75707e-05,6.75707e-05,6.75707e-05,6.75707e-05,6.75707e-05,6.75707e-05,6.75707e-05,6.75707e-05,6.75707e-05,6.75707e-05,6.75707e-05,6.75707e-05,6.75707e-05,6.75707e-05,6.75707e-05,6.75707e-05
102,6.75707e-05,6.75707e-05,6.75707e-05,6.75707e-05,6.75707e-05,6.75707e-05,6.75707e-05,6.75707e-05,6.75707e-05,6.75707e-05,6.75707e-05,6.75707e-05,6.75707e-05,6.75707e-05,6.75707e-05,6.75707e-05,6.75707e-05,6.75707e-05,6.75707e-05,6.75707e-05,6.75707e-05,6.75707e-05,6.75707e-05,6.75707e-05,6.75707e-05,6.75707e-05,6.75707e-05,6.75707e-05,6.75707e-05,6.75707e-05,6.75707e-05,6.75707e-05,6.75707e-05,6.75707e-05,6.75707e-05,6.75707e-05,6.75707e-05,6.75707e-05,6.75707e-05,6.75707e-05,6.75707e-05,6.75707e-05,6.75707e-05,6.75707e-05,6.75707e-05,6.75707e-05,6.75707e-05,6.75707e-05
108,6.75707e-05,6.75707e-05,6.75707e-05,6.75707e-05,6.75707e-05,6.75707e-05,6.75707e-05,6.75707e-05,6.75707e-05,6.75707e-05,6.75707e-05,6.75707e-05,6.75707e-05,6.75707e-05,6.75707e-05,6.75707e-05,6.75707e-05,6.75707e-05,6.75707e-05,6.75707e-05,6.75707e-05,6.75707e-05,6.75707e-05,6.75707e-05,6.75707e-05,6.75707e-05,6.75707e-05,6.75707e-05,6.75707e-05,6.75707e-05,6.75707e-05,6.75707e-05,6.75707e-05,6.75707e-05,6.75707e-05,6.75707e-05,6.75707e-05,6.75707e-05,6.75707e-05,6.75707e-05,6.75707e-05,6.75707e-05,6.75707e-05,6.75707e-05,6.75707e-05,6.75707e-05,6.75707e-05,6.75707e-05
114,6.75707e-05,6.76022e-05,6.75707e-05,6.76022e-05,6.75707e-05,6.75707e-05,6.75707e-05,6.75707e-05,6.75707e-05,6.75707e-05,6.75707e-05,6.75707e-05,6.75707e-05,6.75707e-05,6.75707e-05,6.75707e-05,6.75707e-05,6.75707e-05,6.75707e-05,6.75707e-05,6.75707e-05,6.75707e-05,6.75707e-05,6.75707e-05,6.75707e-05,6.75707e-05,6.75707e-05,6.75707e-05,6.75707e-05,6.75707e-05,6.76022e-05,6.76022e-05,6.75707e-05,6.75707e-05,6.75707e-05,6.75707e-05,6.75707e-05,6.75707e-05,6.75707e-05,6.75707e-05,6.75707e-05,6.75707e-05,6.75707e-05,6.76022e-05,6.75707e-05,6.75707e-05,6.75707e-05,6.75707e-05
120,6.76022e-05,6.76022e-05,6.76022e-05,6.76022e-05,6.76022e-05,6.76022e-05,6.75707e-05,6.75707e-05,6.76022e-05,6.76022e-05,6.76022e-05,6.76022e-05,6.76022e-05,6.76022e-05,6.76022e-05,6.76022e-05,6.76022e-05,6.76022e-05,6.76022e-05,6.76022e-05,6.76022e-05,6.76022e-05,6.76022e-05,6.76022e-05,6.76022e-05,6.76022e-05,6.76022e-05,6.76022e-05,6.76022e-05,6.76022e-05,6.76022e-05,6.76022e-05,6.76022e-05,6.76022e-05,6.76022e-05,6.76022e-05,6.76022e-05,6.76022e-05,6.76022e-05,6.76022e-05,6.76022e-05,6.76022e-05,6.76022e-05,6.76022e-05,6.76022e-05,6.76022e-05,6.76022e-05,6.76022e-05
