6,1.44658e-09,1.45216e-09,1.50763e-09,1.53125e-09,1.47215e-09,1.44901e-09,1.58935e-09,1.5141e-09,1.47418e-09,1.489e-09,1.48281e-09,1.42979e-09,1.4857e-09,1.50486e-09,1.44644e-09,1.50115e-09,1.47687e-09,1.47789e-09,1.43196e-09,1.4671e-09,1.44364e-09,1.54439e-09,1.45625e-09,1.48937e-09,1.48734e-09,1.4646e-09,1.48839e-09,1.52261e-09,1.52889e-09,1.42479e-09,1.43242e-09,1.48295e-09,1.45761e-09,1.44345e-09,1.55011e-09,1.42401e-09,1.48493e-09,1.44784e-09,1.48186e-09,1.43162e-09,1.46851e-09,1.44361e-09,1.51192e-09,1.50445e-09,1.4721e-09,1.50787e-09,1.58621e-09,1.44734e-09,1.51254e-09,1.51801e-09
12,1.44658e-09,1.47496e-09,1.50763e-09,1.53125e-09,1.52922e-09,1.48989e-09,1.58935e-09,1.5141e-09,1.47418e-09,1.489e-09,1.48281e-09,1.4706e-09,1.4857e-09,1.50486e-09,1.44743e-09,1.50115e-09,1.47687e-09,1.50745e-09,1.47738e-09,1.4671e-09,1.46514e-09,1.61075e-09,1.47831e-09,1.48937e-09,1.50013e-09,1.48272e-09,1.48839e-09,1.52261e-09,1.52889e-09,1.42479e-09,1.43242e-09,1.48295e-09,1.47411e-09,1.44345e-09,1.55011e-09,1.42401e-09,1.55895e-09,1.44784e-09,1.58827e-09,1.43305e-09,1.46851e-09,1.44521e-09,1.51192e-09,1.52809e-09,1.4721e-09,1.50787e-09,1.58621e-09,1.44784e-09,1.51801e-09
18,1.44953e-09,1.47496e-09,1.50763e-09,1.53125e-09,1.52922e-09,1.48989e-09,1.61131e-09,1.5141e-09,1.5103e-09,1.489e-09,1.48281e-09,1.4827e-09,1.4857e-09,1.50486e-09,1.44743e-09,1.50115e-09,1.50535e-09,1.50745e-09,1.47738e-09,1.48217e-09,1.46982e-09,1.61075e-09,1.50312e-09,1.48937e-09,1.50013e-09,1.48272e-09,1.48839e-09,1.53426e-09,1.52889e-09,1.42479e-09,1.43242e-09,1.48295e-09,1.47411e-09,1.45017e-09,1.55011e-09,1.42401e-09,1.55895e-09,1.44784e-09,1.58827e-09,1.43305e-09,1.46851e-09,1.44711e-09,1.51192e-09,1.52809e-09,1.4721e-09,1.56534e-09,1.58621e-09,1.44784e-09,1.55577e-09
24,1.44953e-09,1.47496e-09,1.50763e-09,1.54531e-09,1.52922e-09,1.48989e-09,1.61131e-09,1.5141e-09,1.82335e-09,1.489e-09,1.48281e-09,1.48362e-09,1.50928e-09,1.50486e-09,1.45761e-09,1.50115e-09,1.64006e-09,1.57243e-09,1.50266e-09,1.48217e-09,1.53633e-09,1.61075e-09,1.50312e-09,1.48937e-09,1.50013e-09,1.55541e-09,1.48839e-09,1.55721e-09,1.52889e-09,1.42479e-09,1.43242e-09,1.48492e-09,1.47411e-09,1.47874e-09,1.55011e-09,1.42401e-09,1.55985e-09,1.44784e-09,1.58827e-09,1.43305e-09,1.49795e-09,1.44711e-09,1.51192e-09,1.53655e-09,1.4721e-09,1.56534e-09,1.67463e-09,1.45161e-09,1.55577e-09
30,1.44953e-09,1.47496e-09,1.54854e-09,1.54531e-09,1.52922e-09,1.48989e-09,1.61448e-09,1.5141e-09,1.82335e-09,1.489e-09,1.48281e-09,1.48362e-09,1.52856e-09,1.50486e-09,1.45838e-09,1.50115e-09,1.64006e-09,1.57243e-09,1.50266e-09,1.48217e-09,1.53633e-09,1.61075e-09,1.512e-09,1.48937e-09,1.50013e-09,1.55541e-09,1.49119e-09,1.55721e-09,1.52889e-09,1.42479e-09,1.43242e-09,1.48492e-09,1.47411e-09,1.49584e-09,1.55011e-09,1.42401e-09,1.55985e-09,1.44784e-09,1.59639e-09,1.51305e-09,1.49795e-09,1.44711e-09,1.51192e-09,1.53655e-09,1.4721e-09,1.56534e-09,1.67463e-09,1.45161e-09,1.55577e-09
36,1.44953e-09,1.47496e-09,1.54854e-09,1.54531e-09,1.52922e-09,1.48989e-09,1.61448e-09,1.5141e-09,1.82335e-09,1.489e-09,1.48281e-09,1.48362e-09,1.52856e-09,1.50486e-09,1.45838e-09,1.50115e-09,1.64006e-09,1.57243e-09,1.50266e-09,1.51133e-09,1.53633e-09,1.61075e-09,1.512e-09,1.48937e-09,1.71357e-09,1.55541e-09,1.49119e-09,1.55721e-09,1.52889e-09,1.42767e-09,1.43242e-09,1.48492e-09,1.47411e-09,1.49584e-09,1.55011e-09,1.42401e-09,1.55985e-09,1.47145e-09,1.59639e-09,1.51305e-09,1.51073e-09,1.44821e-09,1.51192e-09,1.53655e-09,1.4721e-09,1.56534e-09,1.67463e-09,1.45161e-09,1.52863e-09,1.52863e-09,1.52863e-09,1.52863e-09,1.52863e-09,1.55577e-09
42,1.44953e-09,1.47496e-09,1.54854e-09,1.54531e-09,1.52922e-09,1.48989e-09,1.61963e-09,1.5141e-09,1.82335e-09,1.489e-09,1.4841e-09,1.48362e-09,1.52856e-09,1.50486e-09,1.45927e-09,1.50115e-09,1.64006e-09,1.57243e-09,1.50266e-09,1.51133e-09,1.53633e-09,1.61075e-09,1.61361e-09,1.50173e-09,1.71357e-09,1.55541e-09,1.51061e-09,1.56927e-09,1.52889e-09,1.42767e-09,1.43242e-09,1.48492e-09,1.47411e-09,1.49584e-09,1.55011e-09,1.42401e-09,1.55985e-09,1.47145e-09,1.59639e-09,1.51305e-09,1.51073e-09,1.44821e-09,1.51192e-09,1.70814e-09,1.4721e-09,1.56534e-09,1.67463e-09,1.47734e-09,1.52863e-09,1.55577e-09
48,1.44953e-09,1.47496e-09,1.54854e-09,1.54531e-09,1.52922e-09,1.48989e-09,1.61963e-09,1.5141e-09,1.82335e-09,1.489e-09,1.4841e-09,1.48362e-09,1.52856e-09,1.50486e-09,1.45927e-09,1.51383e-09,1.64006e-09,1.57243e-09,1.50266e-09,1.51133e-09,1.53633e-09,1.61075e-09,1.61361e-09,1.50173e-09,1.71357e-09,1.55853e-09,1.51061e-09,1.56927e-09,1.52889e-09,1.42767e-09,1.43242e-09,1.48492e-09,1.47411e-09,1.49584e-09,1.55011e-09,1.42401e-09,1.55985e-09,1.47145e-09,1.59639e-09,1.51305e-09,1.51073e-09,1.44821e-09,1.51926e-09,1.70814e-09,1.4721e-09,1.56534e-09,1.67463e-09,1.52863e-09,1.55577e-09
54,1.44953e-09,1.48813e-09,1.54854e-09,1.55821e-09,1.52922e-09,1.49372e-09,1.61963e-09,1.5141e-09,1.82335e-09,1.489e-09,1.4841e-09,1.48362e-09,1.52856e-09,1.50486e-09,1.45948e-09,1.51383e-09,1.64006e-09,1.57243e-09,1.50266e-09,1.51133e-09,1.53633e-09,1.61075e-09,1.61361e-09,1.52537e-09,1.71357e-09,1.55853e-09,1.51061e-09,1.56927e-09,1.52889e-09,1.42767e-09,1.43242e-09,1.48492e-09,1.47411e-09,1.49584e-09,1.55011e-09,1.42401e-09,1.55985e-09,1.47145e-09,1.59639e-09,1.51305e-09,1.51073e-09,1.44821e-09,1.51926e-09,1.70814e-09,1.4721e-09,1.56534e-09,1.67463e-09,1.59421e-09,1.55577e-09
60,1.44953e-09,1.48813e-09,1.54854e-09,1.55821e-09,1.52922e-09,1.49372e-09,1.61963e-09,1.5141e-09,1.82335e-09,1.4959e-09,1.4841e-09,1.48362e-09,1.52856e-09,1.54714e-09,1.45948e-09,1.51383e-09,1.64006e-09,1.57243e-09,1.50266e-09,1.51133e-09,1.53633e-09,1.61075e-09,1.61361e-09,1.52537e-09,1.71357e-09,1.55853e-09,1.56672e-09,1.57528e-09,1.52889e-09,1.43475e-09,1.43242e-09,1.48492e-09,1.47411e-09,1.49584e-09,1.55011e-09,1.42401e-09,1.55985e-09,1.47393e-09,1.59639e-09,1.51305e-09,1.51073e-09,1.44821e-09,1.56291e-09,1.70814e-09,1.4721e-09,1.56534e-09,1.67463e-09,1.59421e-09,1.55577e-09
66,1.44953e-09,1.48813e-09,1.54854e-09,1.55821e-09,1.52922e-09,1.49372e-09,1.61963e-09,1.5425e-09,1.82335e-09,1.4959e-09,1.4841e-09,1.48362e-09,1.52856e-09,1.54714e-09,1.46166e-09,1.51383e-09,1.64006e-09,1.57243e-09,1.50266e-09,1.51133e-09,1.53633e-09,1.61075e-09,1.61361e-09,1.53671e-09,1.71357e-09,1.55853e-09,1.56672e-09,1.57528e-09,1.52889e-09,1.43475e-09,1.43242e-09,1.48492e-09,1.47411e-09,1.49584e-09,1.55011e-09,1.42401e-09,1.55985e-09,1.47393e-09,1.59639e-09,1.51305e-09,1.51073e-09,1.44821e-09,1.56291e-09,1.70814e-09,1.4721e-09,1.56534e-09,1.67463e-09,1.59421e-09,1.55577e-09
72,1.45015e-09,1.48813e-09,1.54854e-09,1.55821e-09,1.52922e-09,1.49372e-09,1.61963e-09,1.5425e-09,1.82335e-09,1.52426e-09,1.4841e-09,1.48362e-09,1.52856e-09,1.54714e-09,1.46166e-09,1.51383e-09,1.64006e-09,1.57243e-09,1.50266e-09,1.51133e-09,1.53633e-09,1.66982e-09,1.61361e-09,1.53671e-09,1.71357e-09,1.55853e-09,1.56672e-09,1.57528e-09,1.55377e-09,1.43475e-09,1.43242e-09,1.48492e-09,1.47411e-09,1.49584e-09,1.55011e-09,1.42401e-09,1.55985e-09,1.47393e-09,1.59639e-09,1.51305e-09,1.51073e-09,1.44821e-09,1.56291e-09,1.70814e-09,1.4721e-09,1.56534e-09,1.67463e-09,1.59421e-09,1.55577e-09
78,1.45015e-09,1.48813e-09,1.54854e-09,1.55821e-09,1.52922e-09,1.49372e-09,1.61963e-09,1.5425e-09,1.82335e-09,1.52426e-09,1.4841e-09,1.5507e-09,1.61129e-09,1.54714e-09,1.48064e-09,1.51383e-09,1.64006e-09,1.57243e-09,1.50266e-09,1.51133e-09,1.53633e-09,1.66982e-09,1.61361e-09,1.56637e-09,1.71357e-09,1.5805e-09,1.56672e-09,1.57528e-09,1.55377e-09,1.43475e-09,1.43242e-09,1.48492e-09,1.47411e-09,1.49584e-09,1.55011e-09,1.42401e-09,1.55985e-09,1.47463e-09,1.59639e-09,1.51305e-09,1.51073e-09,1.44821e-09,1.56291e-09,1.70814e-09,1.4721e-09,1.56534e-09,1.67463e-09,1.59421e-09,1.55577e-09
84,1.45015e-09,1.48813e-09,1.54854e-09,1.55821e-09,1.52922e-09,1.49372e-09,1.61963e-09,1.5425e-09,1.82335e-09,1.52426e-09,1.4841e-09,1.5507e-09,1.61129e-09,1.54714e-09,1.48064e-09,1.51383e-09,1.64006e-09,1.57243e-09,1.50266e-09,1.52453e-09,1.53633e-09,1.66982e-09,1.61361e-09,1.64559e-09,1.71357e-09,1.5805e-09,1.56672e-09,1.57528e-09,1.55377e-09,1.43475e-09,1.43242e-09,1.48492e-09,1.47411e-09,1.49584e-09,1.55011e-09,1.42401e-09,1.55985e-09,1.47463e-09,1.59639e-09,1.51305e-09,1.51073e-09,1.44821e-09,1.56291e-09,1.70814e-09,1.47228e-09,1.56534e-09,1.67463e-09,1.59421e-09,1.55577e-09
90,1.45015e-09,1.48813e-09,1.54854e-09,1.55821e-09,1.52922e-09,1.49372e-09,1.61963e-09,1.5425e-09,1.82335e-09,1.52426e-09,1.4841e-09,1.5507e-09,1.61129e-09,1.54714e-09,1.48064e-09,1.51383e-09,1.64006e-09,1.57243e-09,1.50266e-09,1.52453e-09,1.53633e-09,1.66982e-09,1.61361e-09,1.64559e-09,1.71357e-09,1.5805e-09,1.56672e-09,1.61166e-09,1.55377e-09,1.43475e-09,1.43242e-09,1.48492e-09,1.47411e-09,1.49584e-09,1.55011e-09,1.42401e-09,1.55985e-09,1.47463e-09,1.59861e-09,1.51305e-09,1.51073e-09,1.44821e-09,1.56291e-09,1.70814e-09,1.47228e-09,1.56534e-09,1.67463e-09,1.59421e-09,1.56639e-09
96,1.45015e-09,1.48813e-09,1.54854e-09,1.55821e-09,1.52922e-09,1.49372e-09,1.61963e-09,1.5425e-09,1.82335e-09,1.52426e-09,1.48492e-09,1.5507e-09,1.61129e-09,1.54714e-09,1.48064e-09,1.51383e-09,1.64006e-09,1.57243e-09,1.50266e-09,1.52453e-09,1.53633e-09,1.66982e-09,1.61361e-09,1.64559e-09,1.71357e-09,1.71933e-09,1.56672e-09,1.61166e-09,1.55377e-09,1.43475e-09,1.43242e-09,1.51199e-09,1.47411e-09,1.49584e-09,1.55011e-09,1.42401e-09,1.55985e-09,1.47463e-09,1.59861e-09,1.51305e-09,1.51073e-09,1.44821e-09,1.56291e-09,1.70814e-09,1.47228e-09,1.56534e-09,1.67463e-09,1.59421e-09,1.56639e-09
102,1.45015e-09,1.48813e-09,1.54854e-09,1.55821e-09,1.52922e-09,1.49372e-09,1.61963e-09,1.55073e-09,1.82335e-09,1.52426e-09,1.48492e-09,1.5507e-09,1.61129e-09,1.54714e-09,1.48064e-09,1.51383e-09,1.64006e-09,1.57243e-09,1.50266e-09,1.52453e-09,1.53633e-09,1.66982e-09,1.61361e-09,1.64559e-09,1.71357e-09,1.71933e-09,1.56672e-09,1.61166e-09,1.55377e-09,1.43475e-09,1.43242e-09,1.51199e-09,1.47411e-09,1.49584e-09,1.55011e-09,1.42401e-09,1.55985e-09,1.47467e-09,1.59861e-09,1.51305e-09,1.51073e-09,1.44821e-09,1.56291e-09,1.70814e-09,1.47228e-09,1.56534e-09,1.59421e-09,1.56639e-09
108,1.45015e-09,1.48813e-09,1.54854e-09,1.55821e-09,1.52922e-09,1.52183e-09,1.61963e-09,1.55073e-09,1.82335e-09,1.52426e-09,1.49688e-09,1.5507e-09,1.61129e-09,1.54714e-09,1.48064e-09,1.51383e-09,1.64006e-09,1.57243e-09,1.50266e-09,1.52453e-09,1.53633e-09,1.66982e-09,1.61361e-09,1.64559e-09,1.71357e-09,1.71933e-09,1.56672e-09,1.61166e-09,1.55377e-09,1.43475e-09,1.43242e-09,1.51199e-09,1.47411e-09,1.49584e-09,1.55011e-09,1.42401e-09,1.58947e-09,1.47467e-09,1.59861e-09,1.51305e-09,1.51073e-09,1.44821e-09,1.58308e-09,1.70814e-09,1.48074e-09,1.56534e-09,1.59421e-09,1.56639e-09
114,1.45015e-09,1.48813e-09,1.54854e-09,1.55821e-09,1.52922e-09,1.52183e-09,1.61963e-09,1.55073e-09,1.82335e-09,1.52426e-09,1.49688e-09,1.5507e-09,1.61129e-09,1.54714e-09,1.48064e-09,1.51383e-09,1.64006e-09,1.57243e-09,1.51381e-09,1.52453e-09,1.53633e-09,1.66982e-09,1.61361e-09,1.64559e-09,1.71357e-09,1.71933e-09,1.56672e-09,1.61166e-09,1.55377e-09,1.43475e-09,1.43242e-09,1.51199e-09,1.47411e-09,1.49584e-09,1.55011e-09,1.42401e-09,1.58947e-09,1.47467e-09,1.59861e-09,1.51305e-09,1.51073e-09,1.44821e-09,1.58308e-09,1.70814e-09,1.48074e-09,1.56534e-09,1.59421e-09,1.56639e-09
120,1.45015e-09,1.48813e-09,1.54854e-09,1.57267e-09,1.52922e-09,1.52183e-09,1.61963e-09,1.55073e-09,1.82335e-09,1.52426e-09,1.49688e-09,1.5507e-09,1.61129e-09,1.54714e-09,1.48064e-09,1.56221e-09,1.64006e-09,1.57243e-09,1.51381e-09,1.52453e-09,1.53633e-09,1.66982e-09,1.61361e-09,1.64559e-09,1.71357e-09,1.71933e-09,1.56672e-09,1.61166e-09,1.55377e-09,1.43475e-09,1.43242e-09,1.51199e-09,1.47411e-09,1.49584e-09,1.55205e-09,1.42401e-09,1.58947e-09,1.47467e-09,1.59861e-09,1.51305e-09,1.51073e-09,1.44821e-09,1.58308e-09,1.70814e-09,1.48074e-09,1.56534e-09,1.49922e-09,1.59421e-09,1.56639e-09
