30,8.07728e-05,8.07728e-05,8.07728e-05,8.07728e-05,8.07728e-05,8.07118e-05,8.07118e-05,8.07118e-05,8.07118e-05,8.07118e-05,8.07338e-05,8.07338e-05,8.07338e-05,8.07338e-05,8.07338e-05,8.07796e-05,8.07796e-05,8.07796e-05,8.07796e-05,8.07796e-05,8.07862e-05,8.07862e-05,8.07862e-05,8.07862e-05,8.07862e-05,8.07532e-05,8.07532e-05,8.07532e-05,8.07532e-05,8.07532e-05,8.07276e-05,8.07276e-05,8.07276e-05,8.07276e-05,8.07276e-05,8.07301e-05,8.07301e-05,8.07301e-05,8.07301e-05,8.07301e-05,8.07783e-05,8.07783e-05,8.07783e-05,8.07783e-05,8.07783e-05,8.07456e-05,8.07456e-05,8.07456e-05,8.07456e-05,8.07456e-05,8.07702e-05,8.07702e-05,8.07702e-05,8.07702e-05,8.07702e-05,8.07884e-05,8.07884e-05,8.07884e-05,8.07884e-05,8.07884e-05,8.07379e-05,8.07379e-05,8.07379e-05,8.07379e-05,8.07379e-05,8.07426e-05,8.07426e-05,8.07426e-05,8.07426e-05,8.07426e-05,8.0726e-05,8.0726e-05,8.0726e-05,8.0726e-05,8.0726e-05,8.07505e-05,8.07505e-05,8.07505e-05,8.07505e-05,8.07505e-05,8.07017e-05,8.07017e-05,8.07017e-05,8.07017e-05,8.07017e-05,8.08046e-05,8.08046e-05,8.08046e-05,8.08046e-05,8.08046e-05
42,8.07449e-05,8.07449e-05,8.07449e-05,8.07449e-05,8.07449e-05,8.07449e-05,8.07449e-05,8.07519e-05,8.07519e-05,8.07519e-05,8.07519e-05,8.07519e-05,8.07519e-05,8.07519e-05,8.0797e-05,8.0797e-05,8.07702e-05,8.07702e-05,8.0781e-05,8.0781e-05,8.0781e-05,8.0781e-05,8.0781e-05,8.0781e-05,8.0781e-05,8.07379e-05,8.07379e-05,8.07607e-05,8.07607e-05,8.07607e-05,8.07607e-05,8.07607e-05,8.07607e-05,8.07607e-05,8.07426e-05,8.07426e-05,8.08029e-05,8.08029e-05,8.08029e-05,8.08029e-05,8.08029e-05,8.08029e-05,8.08029e-05,8.07177e-05,8.07177e-05,8.07177e-05,8.07177e-05,8.07177e-05,8.07177e-05,8.07177e-05,8.08242e-05,8.08242e-05,8.08242e-05,8.08242e-05,8.08242e-05,8.08242e-05,8.08242e-05,8.08086e-05,8.08086e-05,8.08086e-05,8.08086e-05,8.08086e-05,8.08086e-05,8.08086e-05
48,8.08085e-05,8.08085e-05,8.08085e-05,8.0767e-05,8.0767e-05,8.0767e-05,8.0767e-05,8.0767e-05,8.0767e-05,8.0767e-05,8.0767e-05
54,8.08241e-05,8.08241e-05,8.08241e-05,8.08241e-05,8.08241e-05,8.08241e-05,8.08241e-05,8.08241e-05,8.08241e-05,8.07306e-05,8.07306e-05,8.07306e-05,8.07306e-05,8.07306e-05,8.07306e-05,8.07306e-05,8.07306e-05,8.07306e-05
60,8.09148e-05,8.09148e-05,8.09148e-05,8.09148e-05,8.09148e-05,8.09148e-05,8.09148e-05,8.09148e-05,8.09148e-05,8.09148e-05,8.07486e-05,8.07486e-05,8.07486e-05,8.07486e-05,8.07486e-05,8.07486e-05,8.07486e-05,8.07486e-05,8.07486e-05,8.07486e-05,8.08407e-05,8.08407e-05,8.08407e-05,8.08407e-05,8.08407e-05,8.08407e-05,8.08407e-05,8.08407e-05,8.08407e-05,8.08407e-05,8.07958e-05,8.07958e-05,8.07958e-05,8.07958e-05,8.07958e-05,8.07875e-05,8.07875e-05,8.07875e-05,8.07875e-05,8.07875e-05,8.07875e-05,8.07875e-05,8.07875e-05,8.07875e-05,8.07875e-05,8.08106e-05,8.08106e-05,8.08106e-05,8.08106e-05,8.08106e-05,8.08106e-05,8.08106e-05,8.08106e-05,8.08106e-05,8.08106e-05,8.07843e-05,8.07843e-05,8.07843e-05,8.07843e-05,8.07843e-05,8.07696e-05,8.07696e-05,8.07696e-05,8.07696e-05,8.07696e-05,8.07696e-05,8.07696e-05,8.07696e-05,8.07696e-05,8.07696e-05,8.07975e-05,8.07975e-05,8.07975e-05,8.07975e-05,8.07975e-05,8.07975e-05,8.07975e-05,8.07975e-05,8.07975e-05,8.07975e-05,8.07698e-05,8.07698e-05,8.07698e-05,8.07698e-05,8.07698e-05,8.07698e-05,8.07698e-05,8.07698e-05,8.07698e-05,8.07698e-05
66,8.08241e-05,8.08241e-05,8.08256e-05,8.08256e-05,8.08256e-05,8.08256e-05,8.08256e-05,8.08256e-05,8.08256e-05,8.08256e-05,8.08256e-05,8.08256e-05,8.08256e-05,8.08249e-05,8.08249e-05,8.08249e-05,8.08249e-05,8.08249e-05,8.08249e-05,8.07373e-05,8.07373e-05,8.07373e-05,8.07373e-05,8.07373e-05,8.07373e-05,8.07373e-05,8.07373e-05,8.07373e-05,8.07373e-05,8.07373e-05
72,8.07361e-05,8.07361e-05,8.07361e-05,8.07361e-05,8.07361e-05,8.07361e-05,8.07361e-05,8.08114e-05,8.08114e-05,8.08114e-05,8.08114e-05,8.08114e-05,8.08114e-05,8.08114e-05,8.07607e-05,8.07607e-05,8.07607e-05,8.07607e-05,8.07607e-05
78,8.07924e-05,8.07924e-05,8.07924e-05,8.07924e-05,8.07924e-05,8.07924e-05,8.07924e-05,8.07924e-05,8.07703e-05,8.07703e-05,8.07703e-05,8.08314e-05,8.08314e-05,8.08314e-05,8.08314e-05,8.08314e-05,8.08314e-05,8.08314e-05,8.08314e-05,8.08314e-05,8.08314e-05,8.08314e-05,8.08314e-05,8.08314e-05,8.07786e-05,8.07786e-05,8.07786e-05,8.08046e-05,8.08046e-05,8.08046e-05,8.08046e-05,8.08046e-05,8.08046e-05,8.08046e-05,8.08046e-05
84,8.0763e-05,8.0763e-05,8.0763e-05,8.0763e-05,8.0763e-05
90,8.10849e-05,8.10849e-05,8.10849e-05,8.10849e-05,8.10849e-05,8.10849e-05,8.10849e-05,8.10849e-05
96,8.08085e-05,8.08085e-05,8.08085e-05,8.08085e-05,8.08085e-05,8.08085e-05,8.08085e-05,8.08085e-05,8.08656e-05,8.08656e-05,8.08656e-05,8.08656e-05,8.08656e-05,8.08656e-05,8.08656e-05,8.08656e-05,8.08656e-05,8.08656e-05,8.08656e-05,8.0767e-05,8.0767e-05,8.0767e-05,8.0767e-05,8.0767e-05,8.0767e-05,8.0767e-05,8.0767e-05,8.08235e-05,8.08235e-05,8.08235e-05,8.08235e-05,8.08235e-05,8.08235e-05,8.08235e-05,8.08235e-05,8.08235e-05,8.08235e-05,8.08235e-05,8.08235e-05,8.08235e-05,8.08235e-05,8.08235e-05,8.08235e-05
102,8.07361e-05,8.07361e-05,8.07361e-05,8.07361e-05,8.07361e-05,8.07843e-05,8.07843e-05,8.07843e-05,8.07843e-05,8.07843e-05,8.07843e-05,8.07843e-05,8.074e-05,8.074e-05,8.074e-05,8.074e-05,8.074e-05,8.074e-05,8.074e-05,8.074e-05,8.074e-05,8.074e-05
108,8.10849e-05,8.10849e-05,8.10849e-05,8.0808e-05,8.0808e-05,8.0808e-05,8.0808e-05,8.0808e-05,8.0808e-05,8.0808e-05,8.0808e-05,8.0808e-05,8.0808e-05,8.0808e-05,8.0808e-05,8.0808e-05,8.0808e-05,8.0808e-05,8.0808e-05,8.0808e-05,8.0808e-05,8.07794e-05,8.07794e-05,8.07794e-05,8.07794e-05,8.07794e-05,8.07794e-05,8.07794e-05
114,8.08085e-05,8.08085e-05,8.08085e-05,8.09723e-05,8.09723e-05,8.09723e-05,8.09723e-05,8.09723e-05,8.09723e-05,8.09723e-05,8.09723e-05,8.09723e-05,8.09723e-05,8.09723e-05,8.09723e-05,8.07607e-05,8.07607e-05,8.07607e-05,8.07607e-05,8.07607e-05,8.07607e-05,8.07607e-05,8.08251e-05,8.08251e-05,8.08251e-05,8.08251e-05,8.08251e-05,8.08251e-05,8.08251e-05,8.08251e-05,8.08251e-05,8.08251e-05,8.08251e-05,8.08251e-05
120,8.07637e-05,8.0781e-05,8.08162e-05,8.08391e-05,8.07932e-05
