6,0.277234,0.196955,0.26384,0.196848,0.327927,0.186498,0.259011,0.196919,0.290217,0.196833,0.196871,0.255772,0.225026,0.238695,0.19099,0.196914,0.245223,0.242986,0.196919,0.276082,0.277,0.267314,0.24334,0.196955,0.254353,0.270035,0.196702,0.284589,0.238153,0.247382,0.194867,0.28377,0.246846,0.261754,0.197034,0.237414,0.264253,0.196911,0.284128,0.258108,0.253909,0.249825,0.227469,0.283106,0.196673,0.265205,0.196749,0.258181,0.261322,0.247593
12,0.277234,0.196955,0.328981,0.196848,0.327927,0.186592,0.274385,0.196919,0.290217,0.196911,0.196886,0.255772,0.239344,0.24927,0.196381,0.197451,0.245223,0.253473,0.196919,0.28152,0.277,0.267314,0.256477,0.196955,0.280142,0.283599,0.197502,0.284589,0.254707,0.297908,0.196863,0.28377,0.25472,0.267303,0.197034,0.2378,0.282377,0.196911,0.284128,0.287869,0.280298,0.249825,0.239981,0.283106,0.196673,0.265205,0.196749,0.258181,0.284608,0.256215
18,0.294,0.196955,0.328981,0.196848,0.327927,0.186607,0.274385,0.196919,0.290217,0.196911,0.196886,0.273165,0.239344,0.24927,0.196381,0.197451,0.287953,0.263376,0.196919,0.300189,0.286309,0.276513,0.270881,0.196955,0.280142,0.283599,0.197502,0.346921,0.282405,0.297908,0.196863,0.28377,0.256129,0.271568,0.197034,0.263137,0.282377,0.196916,0.284128,0.307076,0.280298,0.249825,0.239981,0.283106,0.196673,0.265774,0.196749,0.258181,0.284608,0.269091
24,0.294,0.196955,0.328981,0.196848,0.327927,0.186607,0.274385,0.196919,0.290217,0.196911,0.196887,0.273165,0.249198,0.24927,0.196381,0.197451,0.289808,0.280662,0.196919,0.300189,0.286309,0.276513,0.270881,0.196955,0.280142,0.283599,0.197502,0.346921,0.282405,0.297908,0.196863,0.28377,0.256129,0.271568,0.197034,0.266754,0.293928,0.196916,0.286974,0.307076,0.280298,0.284333,0.239981,0.283106,0.196673,0.270017,0.196749,0.258181,0.284608,0.269091
30,0.294903,0.196955,0.328981,0.196848,0.327927,0.186607,0.274385,0.196919,0.290217,0.196911,0.196887,0.289044,0.249198,0.253064,0.196381,0.197451,0.289808,0.280662,0.196919,0.300189,0.286309,0.276513,0.270881,0.196955,0.280142,0.283599,0.197502,0.346921,0.307228,0.297908,0.196863,0.284163,0.256129,0.271568,0.197034,0.266754,0.293928,0.196918,0.360474,0.307076,0.280298,0.284333,0.239981,0.302846,0.196673,0.270017,0.196868,0.258181,0.284608,0.270246
36,0.319203,0.196955,0.328981,0.196897,0.327927,0.186607,0.295911,0.196919,0.290217,0.196911,0.196887,0.289044,0.249198,0.275026,0.196381,0.197451,0.300729,0.280662,0.196919,0.300189,0.286309,0.276513,0.270881,0.196967,0.280142,0.283599,0.197502,0.346921,0.307228,0.297908,0.196863,0.284163,0.256129,0.271568,0.197259,0.296484,0.304197,0.196918,0.360474,0.307076,0.280298,0.284333,0.239981,0.302846,0.196673,0.295531,0.196868,0.258181,0.284608,0.270246
42,0.319203,0.196955,0.328981,0.196897,0.327927,0.186607,0.295911,0.196919,0.298886,0.196911,0.196887,0.289044,0.249198,0.275026,0.196381,0.197451,0.300729,0.280662,0.196919,0.300189,0.286309,0.276513,0.270881,0.196967,0.320315,0.283599,0.197502,0.346921,0.307228,0.297908,0.196863,0.284163,0.256129,0.271568,0.197259,0.296484,0.304197,0.196987,0.360474,0.307076,0.280298,0.284333,0.239981,0.302846,0.196673,0.295531,0.196868,0.278584,0.284608,0.270246
48,0.319203,0.196955,0.328981,0.196897,0.327927,0.186607,0.295911,0.197179,0.298886,0.196911,0.196887,0.289044,0.249198,0.275026,0.196381,0.197451,0.300729,0.280662,0.196919,0.300189,0.315733,0.301816,0.280401,0.196967,0.320315,0.283599,0.197502,0.346921,0.307228,0.297908,0.196863,0.315945,0.256129,0.281528,0.197259,0.296484,0.315309,0.196987,0.360474,0.307076,0.280298,0.284333,0.239981,0.302846,0.196713,0.295531,0.196868,0.319586,0.284608,0.29159
54,0.319203,0.196955,0.328981,0.196897,0.327927,0.186613,0.295911,0.197179,0.298886,0.196911,0.196887,0.289044,0.27199,0.275026,0.196798,0.197451,0.300729,0.280662,0.196919,0.302171,0.315733,0.301816,0.280401,0.196967,0.320315,0.283599,0.197502,0.346921,0.307228,0.297908,0.196863,0.315945,0.279001,0.281528,0.197259,0.296484,0.315309,0.196987,0.360474,0.307076,0.280298,0.284333,0.248746,0.302846,0.196713,0.295531,0.196868,0.319586,0.284608,0.29159
60,0.319203,0.196955,0.328981,0.196897,0.327927,0.186659,0.295911,0.197179,0.298886,0.196911,0.196887,0.289044,0.290851,0.275026,0.196888,0.197451,0.300729,0.280662,0.196925,0.302171,0.315733,0.301816,0.280401,0.196967,0.324269,0.283599,0.197502,0.346921,0.307228,0.297908,0.196863,0.315945,0.279669,0.281528,0.197259,0.296484,0.315309,0.196987,0.360474,0.307076,0.280298,0.284333,0.248746,0.343,0.196713,0.295531,0.196868,0.319586,0.284608,0.29159
66,0.319237,0.196955,0.328981,0.196897,0.327927,0.186659,0.295911,0.197179,0.298886,0.196911,0.196887,0.289044,0.290851,0.275026,0.196888,0.197451,0.324174,0.280662,0.197268,0.309282,0.315733,0.301816,0.280401,0.196967,0.324269,0.283599,0.197502,0.346921,0.307228,0.297908,0.196863,0.315945,0.279669,0.281528,0.197259,0.296484,0.315309,0.196987,0.360474,0.307076,0.280298,0.284333,0.248746,0.343,0.196713,0.295531,0.196876,0.319586,0.300688,0.29159
72,0.319237,0.196955,0.328981,0.196897,0.327927,0.186659,0.295911,0.197179,0.298886,0.196911,0.196887,0.289044,0.290851,0.275026,0.196888,0.197451,0.324174,0.280662,0.197268,0.309282,0.315733,0.301816,0.280401,0.196967,0.324269,0.283599,0.197502,0.346921,0.307228,0.297908,0.196863,0.315945,0.279669,0.281528,0.197259,0.296484,0.315309,0.196987,0.360474,0.307076,0.280298,0.287248,0.248746,0.343,0.196713,0.295531,0.196876,0.319586,0.300688,0.29159
78,0.319237,0.196955,0.328981,0.196897,0.327927,0.186659,0.295911,0.197179,0.298886,0.196911,0.196887,0.30609,0.290851,0.275026,0.196912,0.197451,0.324174,0.280662,0.197268,0.309282,0.315733,0.30446,0.280401,0.196967,0.324269,0.283599,0.197502,0.346921,0.307228,0.297908,0.196863,0.315945,0.279669,0.281528,0.197259,0.296484,0.315309,0.196987,0.360474,0.307076,0.280298,0.287248,0.248746,0.343,0.196713,0.295531,0.196876,0.319586,0.300688,0.29159
84,0.319237,0.196955,0.328981,0.196897,0.327927,0.186659,0.295911,0.197179,0.298886,0.196911,0.196887,0.30609,0.290851,0.275026,0.196912,0.197451,0.324174,0.280662,0.197268,0.309282,0.315733,0.30446,0.280401,0.196967,0.324269,0.283599,0.197502,0.346921,0.307228,0.297908,0.196863,0.315945,0.33298,0.281528,0.197377,0.296484,0.315309,0.196987,0.360474,0.307076,0.280298,0.287248,0.255929,0.343,0.196803,0.295531,0.196876,0.319586,0.300688,0.29159
90,0.319237,0.196955,0.328981,0.196897,0.327927,0.186659,0.31277,0.197179,0.298886,0.196911,0.196887,0.30609,0.290851,0.275026,0.196912,0.197451,0.324174,0.280662,0.197268,0.309282,0.30446,0.280401,0.197082,0.324269,0.283599,0.197502,0.346921,0.307228,0.297908,0.19697,0.315945,0.33298,0.281528,0.197377,0.296484,0.315309,0.196987,0.360474,0.307076,0.280298,0.287248,0.255929,0.343,0.196803,0.295531,0.196876,0.319586,0.300688,0.29159
96,0.319237,0.196955,0.328981,0.196897,0.327927,0.186659,0.31277,0.197179,0.298886,0.196916,0.196887,0.30609,0.290851,0.275026,0.196912,0.197451,0.324174,0.280662,0.197268,0.309282,0.30446,0.280401,0.197082,0.324269,0.283599,0.197502,0.346921,0.307228,0.297908,0.19697,0.315945,0.33298,0.281528,0.197377,0.296484,0.315309,0.196987,0.360474,0.307076,0.280298,0.287248,0.255929,0.343,0.196803,0.295531,0.196919,0.319586,0.300688,0.29159
102,0.319237,0.196955,0.328981,0.196897,0.327927,0.186659,0.31277,0.197179,0.319932,0.196916,0.196887,0.307162,0.290851,0.275026,0.196912,0.197451,0.324174,0.280662,0.197268,0.309282,0.30446,0.280401,0.197082,0.324269,0.283599,0.197502,0.346921,0.307228,0.297908,0.19697,0.315945,0.33298,0.281528,0.197377,0.296484,0.315309,0.196987,0.360474,0.307076,0.280298,0.287248,0.255929,0.343,0.196803,0.295531,0.19692,0.319586,0.300688,0.29159
108,0.319237,0.196955,0.328981,0.196897,0.327927,0.186659,0.31277,0.197179,0.319932,0.196916,0.196887,0.307162,0.290851,0.275777,0.196912,0.197451,0.324174,0.280662,0.197268,0.309282,0.30446,0.280401,0.197082,0.324269,0.283599,0.197502,0.346921,0.307228,0.301488,0.19697,0.315945,0.33298,0.281528,0.197377,0.296484,0.315309,0.196987,0.360474,0.307076,0.280298,0.287248,0.255929,0.343,0.196803,0.295531,0.19692,0.319586,0.300688,0.29159
114,0.32046,0.196955,0.328981,0.196897,0.327927,0.186659,0.344356,0.197179,0.343606,0.196916,0.196887,0.307931,0.290851,0.275777,0.196912,0.197451,0.324174,0.280662,0.197268,0.309282,0.30446,0.280401,0.197082,0.324269,0.283599,0.197502,0.346921,0.307228,0.301488,0.19697,0.315945,0.33298,0.281528,0.197377,0.296484,0.315309,0.196987,0.360474,0.307076,0.280298,0.287248,0.255929,0.343,0.196885,0.295531,0.19692,0.319586,0.300688,0.29159
120,0.320686,0.196955,0.328981,0.196897,0.327927,0.186659,0.344356,0.197179,0.343606,0.196916,0.196887,0.307931,0.290851,0.275777,0.196912,0.197451,0.324174,0.280662,0.197268,0.309282,0.30446,0.280401,0.197082,0.324269,0.283599,0.197502,0.346921,0.348458,0.301488,0.19697,0.315945,0.33298,0.281528,0.197377,0.296484,0.315309,0.196987,0.360474,0.307076,0.280298,0.287248,0.255929,0.343,0.196887,0.295531,0.19692,0.319586,0.300688,0.29159
