6,1.74898e-06,1.74901e-06,1.74902e-06,1.74896e-06,1.74895e-06,1.749e-06,1.74897e-06,1.74902e-06,1.74907e-06,1.74904e-06,1.74898e-06,7.20088e-05,1.74896e-06,1.74898e-06,1.74902e-06,1.74916e-06,1.749e-06,1.74895e-06,1.74903e-06,1.749e-06,1.749e-06,1.74904e-06,1.74901e-06,1.74898e-06,1.74909e-06,1.74901e-06,1.74902e-06,1.74896e-06,1.74898e-06,1.74903e-06,1.74897e-06,1.74898e-06,1.74899e-06,0.00015264,1.74899e-06,1.74897e-06,1.74902e-06,1.74899e-06,1.74897e-06,1.74896e-06,1.74902e-06,1.74898e-06,1.74901e-06,1.749e-06,1.74898e-06,1.74906e-06,1.74903e-06,1.74897e-06,1.74897e-06,1.74898e-06
12,1.74898e-06,1.74901e-06,1.74902e-06,1.74896e-06,1.74895e-06,1.74904e-06,1.74897e-06,1.74902e-06,1.74907e-06,1.74904e-06,1.74898e-06,7.20088e-05,1.74896e-06,1.74898e-06,1.74902e-06,1.74916e-06,1.749e-06,1.74895e-06,1.74919e-06,1.74902e-06,1.74903e-06,1.74904e-06,1.74904e-06,1.74898e-06,1.74909e-06,1.74903e-06,1.74902e-06,1.74896e-06,1.74898e-06,1.74903e-06,1.74897e-06,1.74898e-06,1.74899e-06,0.00015264,1.74899e-06,1.74897e-06,1.74902e-06,1.749e-06,1.74897e-06,1.74896e-06,1.74902e-06,1.74898e-06,1.74901e-06,1.749e-06,1.74898e-06,8.25865e-06,1.74904e-06,1.74897e-06,1.74898e-06,1.74898e-06
18,1.74899e-06,1.74952e-06,1.74902e-06,1.74896e-06,1.74895e-06,1.74905e-06,1.74897e-06,1.74902e-06,1.74907e-06,1.74904e-06,1.74898e-06,7.20088e-05,1.74896e-06,1.74898e-06,1.74902e-06,1.74916e-06,1.749e-06,1.74895e-06,1.74919e-06,1.74902e-06,1.74903e-06,1.74904e-06,1.74905e-06,1.74898e-06,1.74909e-06,1.74905e-06,1.74902e-06,1.74896e-06,1.74898e-06,1.74903e-06,1.74897e-06,1.74898e-06,1.74899e-06,0.00015264,1.749e-06,1.74897e-06,1.74902e-06,1.74902e-06,1.74897e-06,1.74896e-06,1.74902e-06,1.74898e-06,1.74902e-06,1.74903e-06,1.74898e-06,8.25865e-06,1.74904e-06,1.74897e-06,1.74898e-06,1.74898e-06
24,1.74899e-06,1.74952e-06,1.74903e-06,1.74896e-06,1.74895e-06,1.74905e-06,1.74897e-06,1.74902e-06,1.74929e-06,1.74905e-06,1.74898e-06,7.20088e-05,1.74896e-06,1.74898e-06,1.74902e-06,1.74916e-06,1.749e-06,1.74895e-06,1.74919e-06,1.74903e-06,1.74903e-06,1.74904e-06,1.74905e-06,1.74898e-06,1.74909e-06,1.74905e-06,1.74902e-06,1.74896e-06,1.74898e-06,1.74903e-06,1.74897e-06,1.74898e-06,1.74899e-06,0.00015264,1.749e-06,1.74897e-06,1.74905e-06,1.74902e-06,1.74897e-06,1.74896e-06,1.74906e-06,1.74898e-06,1.74902e-06,1.74905e-06,1.74898e-06,8.25865e-06,1.74905e-06,1.74898e-06,1.74898e-06,1.74899e-06
30,1.74899e-06,1.74952e-06,1.74907e-06,1.74896e-06,1.74895e-06,1.74905e-06,1.74897e-06,1.74902e-06,1.74929e-06,1.74905e-06,1.74898e-06,7.20088e-05,1.74896e-06,1.74898e-06,1.74902e-06,1.74916e-06,1.74901e-06,1.74895e-06,1.74919e-06,1.74903e-06,1.74903e-06,1.74904e-06,1.74906e-06,1.74898e-06,1.74909e-06,1.74905e-06,1.74902e-06,1.74896e-06,1.74898e-06,1.74903e-06,1.74897e-06,1.74898e-06,1.74899e-06,0.00015264,1.749e-06,1.74897e-06,1.74905e-06,1.74902e-06,1.74897e-06,1.74896e-06,1.74906e-06,1.74898e-06,1.74907e-06,4.94425e-06,1.74898e-06,8.25865e-06,1.74905e-06,1.74898e-06,1.74898e-06,1.74899e-06
36,1.74899e-06,1.74952e-06,1.74907e-06,1.74896e-06,1.74895e-06,1.74905e-06,1.74897e-06,1.74902e-06,1.74929e-06,1.74906e-06,1.74898e-06,7.20088e-05,1.74896e-06,1.74898e-06,1.74902e-06,1.74916e-06,3.73112e-06,1.74895e-06,1.74919e-06,1.74903e-06,1.74903e-06,1.74904e-06,1.74906e-06,1.74898e-06,1.74909e-06,1.74905e-06,1.74902e-06,1.74896e-06,1.74898e-06,1.74903e-06,1.74897e-06,1.74898e-06,1.74899e-06,0.00015264,1.749e-06,1.74897e-06,1.74905e-06,1.74902e-06,1.74897e-06,1.74896e-06,1.74909e-06,1.74898e-06,7.1701e-05,6.96402e-06,1.74898e-06,8.25865e-06,1.74905e-06,1.74898e-06,1.74898e-06,1.74899e-06
42,1.74899e-06,1.74952e-06,1.74907e-06,1.74896e-06,1.74895e-06,1.74905e-06,1.74897e-06,1.74902e-06,1.74929e-06,1.74906e-06,1.74898e-06,7.20088e-05,1.74896e-06,1.74898e-06,1.74902e-06,1.74916e-06,3.73112e-06,1.74895e-06,1.74919e-06,1.74903e-06,1.74906e-06,1.74904e-06,1.74906e-06,1.74898e-06,1.74909e-06,1.74905e-06,1.74902e-06,1.74896e-06,1.74898e-06,1.74903e-06,1.74897e-06,1.74898e-06,1.74899e-06,0.00015264,1.749e-06,1.74897e-06,1.74906e-06,1.74902e-06,1.74897e-06,1.74896e-06,1.74909e-06,1.74898e-06,7.1701e-05,6.96402e-06,1.74898e-06,8.25865e-06,1.74905e-06,1.74898e-06,1.74898e-06,1.74899e-06
48,1.74899e-06,1.74952e-06,1.74907e-06,1.74896e-06,1.74895e-06,1.74905e-06,1.74897e-06,1.74902e-06,1.74929e-06,1.74906e-06,1.74898e-06,7.20088e-05,1.74896e-06,1.74898e-06,1.74902e-06,1.74916e-06,3.73112e-06,1.74895e-06,1.74919e-06,1.74904e-06,1.74906e-06,1.74904e-06,1.74906e-06,1.74898e-06,1.74909e-06,1.74905e-06,1.74904e-06,1.74896e-06,1.74898e-06,1.74903e-06,1.74897e-06,1.74898e-06,1.74899e-06,0.00015264,1.749e-06,1.74897e-06,1.74906e-06,1.74902e-06,1.74897e-06,1.74896e-06,1.74909e-06,1.74898e-06,7.1701e-05,6.96402e-06,1.74898e-06,8.25865e-06,1.74911e-06,1.74898e-06,1.74898e-06,1.74899e-06
54,1.74899e-06,1.74952e-06,1.74907e-06,1.74896e-06,1.74895e-06,1.74905e-06,1.74897e-06,1.74902e-06,1.74929e-06,1.74907e-06,1.74898e-06,7.20088e-05,1.74896e-06,1.74898e-06,1.74902e-06,1.74916e-06,3.73112e-06,1.74895e-06,1.74919e-06,1.74904e-06,1.74907e-06,1.74904e-06,1.74906e-06,1.74898e-06,1.74909e-06,1.74905e-06,1.74904e-06,1.74896e-06,1.74898e-06,1.74903e-06,1.74897e-06,1.74898e-06,1.74899e-06,0.00015264,1.749e-06,1.74897e-06,1.74906e-06,1.74902e-06,1.74897e-06,1.74896e-06,1.74909e-06,1.74898e-06,7.1701e-05,6.96402e-06,1.74898e-06,8.25865e-06,1.74911e-06,1.74898e-06,1.74898e-06,1.74899e-06
60,1.74899e-06,1.74952e-06,1.74907e-06,1.74896e-06,1.74895e-06,1.74906e-06,1.74897e-06,1.45168e-05,1.74929e-06,1.74907e-06,1.74898e-06,7.20088e-05,1.74896e-06,1.74898e-06,1.74902e-06,1.74916e-06,3.73112e-06,1.74905e-06,1.74919e-06,1.74904e-06,1.74907e-06,1.74904e-06,1.74906e-06,1.74898e-06,1.74909e-06,1.74905e-06,3.7419e-05,1.74896e-06,1.74898e-06,1.74903e-06,1.74897e-06,1.74898e-06,1.74899e-06,0.00015264,1.749e-06,1.74897e-06,1.74906e-06,1.74902e-06,1.74897e-06,1.74896e-06,1.74909e-06,1.74898e-06,7.1701e-05,6.96402e-06,1.74898e-06,8.25865e-06,1.74911e-06,1.74898e-06,1.74898e-06,1.74899e-06
66,1.74899e-06,1.74952e-06,1.74907e-06,1.74896e-06,1.74895e-06,1.74906e-06,1.74897e-06,1.45168e-05,1.74929e-06,1.74907e-06,1.74898e-06,7.20088e-05,1.74896e-06,1.74898e-06,1.74902e-06,1.74916e-06,3.73112e-06,1.74905e-06,1.74919e-06,1.74904e-06,1.74907e-06,1.74907e-06,1.74906e-06,1.74898e-06,1.74909e-06,1.74905e-06,3.7419e-05,1.74896e-06,1.74898e-06,1.74903e-06,1.74897e-06,1.74898e-06,1.74899e-06,0.00015264,1.749e-06,1.74897e-06,1.74909e-06,4.41303e-05,1.74897e-06,1.74896e-06,1.74909e-06,1.74898e-06,7.1701e-05,6.96402e-06,1.74898e-06,8.25865e-06,1.74911e-06,1.74898e-06,1.74898e-06,1.74899e-06
72,1.74899e-06,1.74952e-06,1.74907e-06,1.74896e-06,1.74895e-06,1.74906e-06,1.74897e-06,1.45168e-05,1.74929e-06,1.74907e-06,1.74898e-06,7.20088e-05,1.74896e-06,1.74898e-06,1.74902e-06,1.74916e-06,3.73112e-06,1.74905e-06,1.74919e-06,1.74904e-06,1.74907e-06,1.74911e-06,1.74906e-06,1.74898e-06,1.74909e-06,1.74905e-06,3.7419e-05,1.74896e-06,1.74898e-06,1.74903e-06,1.74897e-06,1.74898e-06,1.74899e-06,0.00015264,1.749e-06,1.74898e-06,1.74909e-06,4.41303e-05,1.74897e-06,1.74896e-06,1.74909e-06,1.74898e-06,7.1701e-05,6.96402e-06,1.74898e-06,8.25865e-06,1.74911e-06,1.74898e-06,1.74898e-06,1.74899e-06
78,1.74899e-06,1.74952e-06,1.74907e-06,1.74896e-06,1.74895e-06,1.74906e-06,1.74897e-06,1.45168e-05,1.74929e-06,1.74907e-06,1.74898e-06,7.20088e-05,1.74896e-06,1.74898e-06,1.74902e-06,1.74957e-06,3.73112e-06,1.74905e-06,1.74919e-06,1.74904e-06,1.74907e-06,1.74911e-06,1.74906e-06,1.74898e-06,1.74909e-06,1.74907e-06,3.7419e-05,1.74896e-06,1.74898e-06,1.74903e-06,1.74897e-06,1.74898e-06,1.74899e-06,0.00015264,1.749e-06,1.74903e-06,1.74909e-06,4.41303e-05,1.74897e-06,1.74896e-06,1.74912e-06,1.74898e-06,7.1701e-05,6.96402e-06,1.74898e-06,8.25865e-06,1.74911e-06,1.74898e-06,1.74898e-06,1.74899e-06
84,1.74899e-06,1.74952e-06,1.74907e-06,1.74896e-06,1.74895e-06,1.74906e-06,1.74897e-06,1.45168e-05,1.74929e-06,1.74907e-06,1.74898e-06,7.20088e-05,2.41526e-06,1.74898e-06,1.74902e-06,1.74957e-06,3.73112e-06,2.54491e-06,1.74919e-06,1.74904e-06,1.74907e-06,1.74911e-06,1.74907e-06,1.74898e-06,1.74909e-06,1.74907e-06,3.7419e-05,1.74896e-06,1.74898e-06,1.74903e-06,1.74897e-06,1.74898e-06,1.74899e-06,0.00015264,1.749e-06,1.74903e-06,1.74909e-06,4.41303e-05,1.74897e-06,1.74896e-06,1.74912e-06,1.74898e-06,7.1701e-05,6.96402e-06,1.74898e-06,8.25865e-06,1.74911e-06,1.74898e-06,1.74898e-06,1.74899e-06
90,1.74899e-06,1.74952e-06,1.74907e-06,1.74896e-06,1.74895e-06,1.74907e-06,1.74897e-06,1.45168e-05,1.74929e-06,1.74907e-06,1.74898e-06,7.20088e-05,2.41526e-06,1.74898e-06,1.74902e-06,1.74957e-06,3.73112e-06,2.54491e-06,1.74919e-06,1.74904e-06,1.74907e-06,1.74911e-06,1.74907e-06,1.74898e-06,1.74909e-06,1.74907e-06,3.7419e-05,1.74896e-06,1.74898e-06,1.74903e-06,1.74897e-06,1.74898e-06,1.74899e-06,0.00015264,1.749e-06,1.74903e-06,1.74909e-06,4.41303e-05,1.74897e-06,1.74896e-06,1.74912e-06,1.74898e-06,7.1701e-05,6.96402e-06,1.74898e-06,8.25865e-06,1.74911e-06,1.74898e-06,1.74898e-06,1.74899e-06
96,1.74899e-06,1.74952e-06,1.74907e-06,1.74896e-06,1.74895e-06,1.74907e-06,1.74897e-06,1.45168e-05,1.74929e-06,1.74907e-06,1.74898e-06,7.20088e-05,5.17902e-06,1.74898e-06,1.74902e-06,1.74957e-06,3.73112e-06,1.95165e-05,1.74919e-06,1.74904e-06,1.74907e-06,1.74911e-06,1.74907e-06,1.74898e-06,1.74909e-06,1.74907e-06,3.7419e-05,1.74896e-06,1.74898e-06,1.74903e-06,1.74897e-06,1.74898e-06,1.74899e-06,0.00015264,1.749e-06,1.74905e-06,1.74909e-06,4.41303e-05,1.749e-06,1.74896e-06,1.74912e-06,1.74898e-06,7.1701e-05,6.96402e-06,1.74898e-06,8.25865e-06,1.74911e-06,1.74898e-06,1.74898e-06,1.74899e-06
102,1.74899e-06,1.74952e-06,1.74907e-06,1.74896e-06,1.74895e-06,1.74907e-06,1.74897e-06,1.45168e-05,1.74929e-06,1.74907e-06,1.74898e-06,7.20088e-05,5.17902e-06,1.74898e-06,1.74902e-06,1.74957e-06,3.73112e-06,1.95165e-05,1.74919e-06,1.74904e-06,1.74907e-06,1.74911e-06,1.74907e-06,1.74898e-06,1.74907e-06,3.7419e-05,1.74896e-06,1.74898e-06,1.74903e-06,1.74897e-06,1.74898e-06,1.74899e-06,0.00015264,1.749e-06,1.74905e-06,1.92057e-05,4.41303e-05,1.74901e-06,1.74896e-06,1.74912e-06,1.74898e-06,7.1701e-05,6.96402e-06,1.74898e-06,8.25865e-06,1.74911e-06,1.74898e-06,1.74898e-06,1.74899e-06
108,1.74899e-06,7.20056e-05,1.74907e-06,1.74896e-06,1.74895e-06,1.74907e-06,1.74897e-06,1.45168e-05,1.74929e-06,1.74907e-06,1.74898e-06,7.20088e-05,5.17902e-06,1.74898e-06,1.74902e-06,1.74957e-06,3.73112e-06,1.95165e-05,1.74919e-06,1.74904e-06,1.74907e-06,1.74911e-06,1.74907e-06,1.74898e-06,1.74907e-06,3.7419e-05,1.74896e-06,1.74898e-06,1.74905e-06,1.74897e-06,1.74898e-06,1.74899e-06,0.00015264,1.749e-06,1.74905e-06,1.92057e-05,4.41303e-05,1.74902e-06,1.74896e-06,1.74912e-06,1.74898e-06,7.1701e-05,6.96402e-06,1.74898e-06,8.25865e-06,1.74911e-06,1.74898e-06,1.74898e-06,1.74899e-06
114,1.74899e-06,7.20056e-05,1.74907e-06,1.74896e-06,1.74895e-06,1.74907e-06,1.74897e-06,1.45168e-05,1.74929e-06,1.74907e-06,1.74898e-06,7.20088e-05,5.17902e-06,1.74898e-06,1.74902e-06,1.74957e-06,3.73112e-06,1.95165e-05,1.74919e-06,1.74904e-06,1.74907e-06,1.74911e-06,1.74912e-06,1.74898e-06,1.74907e-06,3.7419e-05,1.74896e-06,1.74898e-06,1.74905e-06,1.74897e-06,1.74898e-06,1.74899e-06,0.00015264,1.749e-06,1.74905e-06,1.92057e-05,4.41303e-05,1.74903e-06,1.74896e-06,1.74912e-06,1.74898e-06,7.1701e-05,6.96402e-06,1.74898e-06,8.25865e-06,1.74911e-06,1.74898e-06,1.74898e-06,1.74899e-06
120,1.74899e-06,7.20056e-05,1.74907e-06,1.74896e-06,1.74895e-06,1.74907e-06,1.74897e-06,1.45168e-05,1.74929e-06,2.126e-05,1.74898e-06,7.20088e-05,5.17902e-06,1.74898e-06,1.74902e-06,2.45215e-06,3.73112e-06,1.95165e-05,1.74919e-06,1.74904e-06,1.74907e-06,1.74911e-06,1.74912e-06,1.74898e-06,1.74908e-06,3.7419e-05,1.74896e-06,1.74898e-06,1.74905e-06,1.74897e-06,1.74898e-06,1.74899e-06,0.00015264,1.749e-06,1.74905e-06,1.92057e-05,4.41303e-05,1.74909e-06,1.74896e-06,1.74912e-06,1.74898e-06,6.96402e-06,1.74898e-06,8.25865e-06,1.74911e-06,1.74898e-06,1.74898e-06,1.74899e-06
