18,0.000142909,0.000142909,0.000142909,1.40381e-05,1.40381e-05,1.40381e-05,1.38014e-05,1.38014e-05,1.38014e-05,1.35911e-05,1.35911e-05,1.35911e-05,0.000197368,0.000197368,0.000197368,1.35918e-05,1.35918e-05,1.35918e-05,9.3351e-05,9.3351e-05,9.3351e-05,0.000138162,0.000138162,0.000138162,0.000198805,0.000198805,0.000198805,1.35914e-05,1.35914e-05,1.35914e-05,1.35907e-05,1.35907e-05,1.35907e-05,0.000133103,0.000133103,0.000133103,1.35901e-05,1.35901e-05,1.35901e-05
36,1.38014e-05,1.38014e-05,1.38014e-05,1.35911e-05,1.35911e-05,1.35911e-05,0.000143105,0.000143105,0.000143105,3.1034e-05,3.1034e-05,3.1034e-05,3.1034e-05,3.1034e-05,3.1034e-05,1.35914e-05,1.35914e-05,1.35914e-05,0.00013607,0.00013607,0.00013607,0.000168009,0.000168009,0.000168009,0.000168009,0.000168009,0.000168009
54,1.40623e-05,1.40623e-05,1.40623e-05
60,1.35936e-05,1.35936e-05,1.35936e-05,1.35936e-05,1.35936e-05,1.35936e-05,1.35936e-05,1.35936e-05,1.35936e-05,1.35936e-05,5.56187e-05,5.56187e-05,5.56187e-05,5.56187e-05,5.56187e-05,5.56187e-05,5.56187e-05,5.56187e-05,5.56187e-05,5.56187e-05,0.000143105,0.000143105,0.000143105,0.000143105,0.000143105,0.000143105,0.000143105,0.000143105,0.000143105,0.000143105,0.000114908,0.000114908,0.000114908,0.000114908,0.000114908,0.000114908,0.000114908,0.000114908,0.000114908,0.000114908,7.49682e-05,7.49682e-05,7.49682e-05,7.49682e-05,7.49682e-05,7.49682e-05,7.49682e-05,7.49682e-05,7.49682e-05,7.49682e-05
72,0.00014308,0.00014308,0.00014308,0.00014308,0.00014308,0.00014308,0.00014308,0.00014308,0.00014308,1.40623e-05,1.40623e-05,1.40623e-05,0.000233224,0.000233224,0.000233224,0.000233224,0.000233224,0.000233224
78,0.000198275,0.000198275,0.000198275,0.000138162,0.000138162,0.000138162,0.000138162,0.000138162,0.000138162,0.000138162,0.000138162,0.000138162,0.000138162,3.48152e-05,3.48152e-05,3.48152e-05,3.48152e-05,3.48152e-05,3.48152e-05,3.48152e-05,3.48152e-05,3.48152e-05,3.48152e-05,3.48152e-05,3.48152e-05,3.48152e-05,0.000142668,0.000142668,0.000142668,0.000142668,0.000142668,0.000142668,0.000142668,0.000142668,0.000142668,0.000142668
84,1.36e-05,1.36e-05,1.36e-05,1.36e-05,1.36e-05,1.36e-05,1.36e-05,1.36e-05,1.36e-05,1.36e-05,1.36e-05,1.36e-05,1.36e-05,1.36e-05,0.000143015,0.000143015,0.000143015,0.000143015,0.000143015,0.000143015,0.000143015,0.000143015,0.000143015,0.000143015,0.000143015,0.000143015,0.000143015,0.000143015
90,1.40623e-05,1.40623e-05,1.40623e-05
96,0.000143074,0.000143074,0.000143074,0.000143074,0.000143074,0.000143074,0.000143074,0.000143074,0.000143074,0.000143074,0.000143074,0.000143074,0.000143074,0.000143074,0.000143074,0.000143074,0.000143103,0.000143103,0.000143103,0.000143103,0.000143103,0.000143103,0.000143103,0.000143103,0.000143103,0.000143103,0.000143103,0.000143103,0.000143103,0.000143103,0.000143103,0.000143103
102,0.000100011,0.000100011,0.000100011,0.000100011,0.000100011,0.000100011,0.000100011
108,1.40623e-05,1.40623e-05,1.40623e-05
114,0.000216806,0.000216806,0.000216806,0.000216806,0.000216806,0.000216806,0.000216806,0.000216806,0.000216806,0.000216806,0.000216806,0.000216806,0.000216806,0.000216806,0.000216806,0.000216806,0.000216806,0.000216806,0.000216806,0.000143106,0.000143106,0.000143106,0.000143106,0.000143106,0.000143106,0.000143106,0.000143106,0.000143106,0.000143106,0.000143106,0.000143106,0.000143106,1.36171e-05,1.36171e-05,1.36171e-05,1.36171e-05,1.36171e-05,1.36171e-05,1.36171e-05,1.36171e-05,1.36171e-05,1.36171e-05,1.36171e-05,1.36171e-05,1.36171e-05,1.36171e-05,1.36171e-05,1.36171e-05,1.36171e-05,1.36171e-05,1.36171e-05
121,0.00022224
