6,0.218732,0.224062,0.218411,0.24338,0.21895,0.243029,0.301371,0.261331,0.214673,0.231746,0.231737,0.26463,0.212324,0.255496,0.260057,0.329662,0.225396,0.26309,0.185662,0.225597,0.277065,0.235325,0.281627,0.269622,0.237322,0.232359,0.317814,0.279611,0.291415,0.232802,0.30809,0.348967,0.255509,0.216191,0.26846,0.23619,0.252882,0.25843,0.215661,0.233934,0.269397,0.359449,0.25563,0.254816,0.272434,0.387153,0.245421,0.288063,0.233549
12,0.228134,0.267473,0.218411,0.24338,0.25069,0.243029,0.301371,0.261331,0.267728,0.272726,0.231737,0.26463,0.219022,0.310066,0.280622,0.340865,0.259915,0.26309,0.211804,0.245379,0.277065,0.235325,0.281627,0.269622,0.237322,0.24066,0.317814,0.279611,0.291415,0.254879,0.30809,0.348967,0.255509,0.233661,0.26846,0.23619,0.257659,0.25843,0.262213,0.235662,0.269397,0.359449,0.25563,0.254816,0.272434,0.387153,0.245421,0.288063,0.263316
18,0.231633,0.267473,0.257937,0.264719,0.258926,0.26954,0.301371,0.261331,0.391508,0.272726,0.233757,0.26463,0.239445,0.310066,0.280622,0.340865,0.259915,0.350007,0.317815,0.245379,0.277065,0.23726,0.314554,0.269622,0.237322,0.308309,0.317814,0.279611,0.291415,0.254879,0.30809,0.348967,0.255509,0.256353,0.26846,0.23619,0.257659,0.260745,0.302768,0.238352,0.269397,0.359449,0.26526,0.254816,0.272434,0.387153,0.313405,0.288063,0.263316
24,0.231633,0.267473,0.286245,0.264719,0.262057,0.278422,0.301371,0.261331,0.391508,0.272726,0.233757,0.295759,0.239445,0.310066,0.280622,0.340865,0.259915,0.350007,0.317815,0.277102,0.277065,0.263028,0.314554,0.269622,0.238545,0.308309,0.317814,0.279611,0.291415,0.254879,0.30809,0.348967,0.307176,0.28333,0.26846,0.24636,0.257659,0.260745,0.302768,0.238352,0.269397,0.359449,0.266378,0.254816,0.272434,0.389056,0.313405,0.288063,0.263316
30,0.24407,0.267473,0.286245,0.264719,0.262057,0.278422,0.301371,0.261331,0.391508,0.272726,0.269794,0.295759,0.279236,0.310066,0.280622,0.340865,0.259915,0.350007,0.317815,0.277102,0.277065,0.263028,0.314554,0.269622,0.238545,0.308309,0.317814,0.279611,0.295552,0.254879,0.30809,0.348967,0.307176,0.28333,0.26846,0.24636,0.257659,0.260745,0.302768,0.239124,0.26948,0.359449,0.266378,0.254816,0.272434,0.389056,0.313405,0.288063,0.263316
36,0.24407,0.267473,0.286245,0.264719,0.274044,0.278422,0.301371,0.261331,0.391508,0.272726,0.269794,0.295759,0.279236,0.310066,0.280622,0.340865,0.262329,0.350007,0.317815,0.277102,0.277065,0.263028,0.314554,0.269622,0.238545,0.308309,0.317814,0.279611,0.295552,0.266126,0.30809,0.348967,0.307176,0.28333,0.26846,0.24636,0.257659,0.260745,0.302768,0.282444,0.26948,0.359449,0.266378,0.254816,0.272434,0.389056,0.313405,0.288063,0.263316
42,0.24407,0.267473,0.286245,0.264719,0.274044,0.278422,0.301371,0.261331,0.391508,0.283606,0.269794,0.295759,0.286721,0.310066,0.280622,0.340865,0.262329,0.350007,0.317815,0.277102,0.277065,0.263028,0.314554,0.269622,0.265644,0.308309,0.317814,0.279611,0.295552,0.266126,0.323392,0.348967,0.307176,0.28333,0.272013,0.24636,0.257659,0.260745,0.328272,0.282444,0.287824,0.359449,0.266378,0.254816,0.275908,0.389056,0.313405,0.288063,0.404778
48,0.265754,0.267473,0.286245,0.264719,0.274044,0.278422,0.301371,0.261331,0.391508,0.283606,0.269794,0.295759,0.286721,0.310066,0.280622,0.340865,0.262329,0.350007,0.317815,0.277102,0.277065,0.263028,0.314554,0.269622,0.265644,0.308309,0.3569,0.279611,0.295552,0.266126,0.323392,0.348967,0.307176,0.28333,0.272013,0.24636,0.257659,0.260745,0.328272,0.282444,0.287824,0.359449,0.266378,0.266423,0.275908,0.389056,0.313405,0.288063,0.404778
54,0.265754,0.267473,0.286245,0.264719,0.274044,0.278422,0.301371,0.261331,0.391508,0.283606,0.293982,0.295759,0.286721,0.310066,0.280622,0.340865,0.293811,0.350007,0.317815,0.277102,0.284548,0.263028,0.314554,0.269622,0.265644,0.308309,0.3569,0.279611,0.295552,0.266126,0.323392,0.348967,0.307176,0.28333,0.272013,0.267192,0.257659,0.260745,0.328272,0.282444,0.287824,0.359449,0.305318,0.266423,0.275908,0.389056,0.313405,0.29101,0.404778
60,0.265754,0.273475,0.361085,0.264719,0.274044,0.278422,0.301371,0.261331,0.391508,0.283606,0.293982,0.295759,0.286721,0.310066,0.280622,0.340865,0.293811,0.350007,0.317815,0.277102,0.284548,0.263028,0.314554,0.269622,0.359334,0.308309,0.3569,0.286015,0.295552,0.278261,0.323392,0.348967,0.307176,0.28333,0.272013,0.267192,0.257659,0.270306,0.328272,0.375876,0.303049,0.359449,0.307509,0.274719,0.275908,0.389056,0.313405,0.29101,0.404778
66,0.265754,0.27996,0.361085,0.291948,0.274044,0.278422,0.301371,0.261331,0.391508,0.283606,0.293982,0.295759,0.286721,0.310066,0.280622,0.340865,0.293811,0.350007,0.317815,0.277102,0.299451,0.335472,0.314554,0.269622,0.359334,0.308309,0.3569,0.286015,0.295552,0.278261,0.323392,0.348967,0.307176,0.301115,0.272013,0.274679,0.257659,0.270306,0.328272,0.375876,0.303049,0.359449,0.307509,0.274719,0.2846,0.389056,0.313405,0.29101,0.404778
72,0.290663,0.27996,0.361085,0.298694,0.274044,0.278422,0.301371,0.26215,0.391508,0.283606,0.293982,0.295759,0.286721,0.310066,0.280622,0.340865,0.293811,0.350007,0.317815,0.277102,0.299451,0.335472,0.314554,0.269622,0.359334,0.308309,0.3569,0.286015,0.295552,0.278261,0.323392,0.348967,0.307176,0.305198,0.304241,0.274679,0.257659,0.270306,0.328272,0.375876,0.303049,0.359449,0.307509,0.274719,0.2846,0.389056,0.313405,0.29101,0.404778
78,0.290663,0.27996,0.361085,0.298694,0.298799,0.278422,0.301371,0.26215,0.391508,0.283606,0.293982,0.295759,0.286721,0.310066,0.280622,0.340865,0.315275,0.350007,0.317815,0.277102,0.299451,0.335472,0.314554,0.2809,0.359334,0.308309,0.3569,0.286015,0.295552,0.278261,0.323392,0.348967,0.307176,0.305198,0.271481,0.271481,0.271481,0.271481,0.271481,0.271481,0.271481,0.271481,0.271481,0.271481,0.271481,0.271481,0.271481,0.304241,0.27616,0.257659,0.270306,0.328272,0.375876,0.303049,0.359449,0.307509,0.274719,0.2846,0.389056,0.313405,0.29101,0.404778
84,0.290663,0.27996,0.361085,0.298694,0.298799,0.278422,0.301371,0.26215,0.391508,0.301358,0.293982,0.295759,0.286721,0.310066,0.280622,0.340865,0.315275,0.350007,0.317815,0.277102,0.299451,0.335472,0.314554,0.2809,0.359334,0.308309,0.3569,0.286015,0.295552,0.278261,0.323392,0.348967,0.307176,0.305198,0.271481,0.304241,0.27616,0.257659,0.270306,0.328272,0.375876,0.303049,0.359449,0.307509,0.274719,0.2846,0.389056,0.313405,0.29101,0.404778
90,0.290663,0.27996,0.361085,0.298694,0.298799,0.278422,0.301371,0.328149,0.391508,0.326683,0.293982,0.295759,0.286721,0.310066,0.280622,0.340865,0.315275,0.350007,0.38249,0.277102,0.299451,0.335472,0.314554,0.2809,0.359334,0.308309,0.3569,0.286015,0.295552,0.278261,0.330868,0.348967,0.307176,0.305198,0.271481,0.304241,0.27616,0.257659,0.270306,0.328272,0.375876,0.303049,0.359449,0.307509,0.279464,0.2846,0.389056,0.313405,0.29101,0.404778
96,0.290663,0.27996,0.361085,0.298694,0.335733,0.278422,0.301371,0.328149,0.391508,0.326683,0.293982,0.295759,0.286721,0.310066,0.280622,0.340865,0.315275,0.350007,0.38249,0.300238,0.299451,0.335472,0.314554,0.2809,0.359334,0.308309,0.3569,0.286015,0.306369,0.283839,0.330868,0.348967,0.307176,0.305198,0.409307,0.304241,0.27616,0.257659,0.270306,0.328272,0.375876,0.303049,0.359449,0.307509,0.335455,0.2846,0.389056,0.313405,0.29101,0.404778
102,0.290663,0.27996,0.361085,0.298694,0.335733,0.288989,0.301371,0.328149,0.391508,0.326683,0.293982,0.295759,0.286721,0.310066,0.280622,0.340865,0.315275,0.350007,0.38249,0.300238,0.299451,0.335472,0.314554,0.2809,0.359334,0.308309,0.3569,0.286015,0.306369,0.290137,0.330868,0.348967,0.307176,0.305198,0.409307,0.304241,0.308404,0.257659,0.270306,0.328272,0.375876,0.303049,0.359449,0.307509,0.335455,0.2846,0.389056,0.313405,0.29101,0.404778
108,0.290663,0.27996,0.361085,0.298694,0.335733,0.288989,0.301371,0.328149,0.391508,0.326683,0.293982,0.295759,0.286721,0.310066,0.280622,0.340865,0.315275,0.350007,0.38249,0.300238,0.299451,0.335472,0.314554,0.2809,0.359334,0.308309,0.3569,0.286015,0.306369,0.290137,0.330868,0.348967,0.307176,0.305198,0.409307,0.304241,0.308404,0.257659,0.275587,0.328272,0.375876,0.303049,0.359449,0.307509,0.335455,0.2846,0.389056,0.313405,0.29101,0.404778
114,0.290663,0.27996,0.361085,0.298694,0.335733,0.288989,0.301371,0.328149,0.391508,0.326683,0.293982,0.295759,0.286721,0.310066,0.280622,0.340865,0.315275,0.350007,0.38249,0.300238,0.299451,0.335472,0.314554,0.29356,0.359334,0.308309,0.3569,0.286015,0.306369,0.290137,0.330868,0.348967,0.307176,0.409307,0.304241,0.308404,0.257659,0.275587,0.328272,0.375876,0.303049,0.359449,0.307509,0.335455,0.2846,0.389056,0.313405,0.305667,0.404778
120,0.290663,0.27996,0.361085,0.298694,0.335733,0.288989,0.301371,0.328149,0.391508,0.326683,0.293982,0.295759,0.286721,0.310066,0.280622,0.340865,0.315275,0.350007,0.38249,0.300238,0.415394,0.335472,0.314554,0.29356,0.359334,0.308309,0.3569,0.286015,0.306369,0.290137,0.330868,0.348967,0.307176,0.409307,0.304241,0.308404,0.272882,0.275587,0.328272,0.375876,0.303049,0.359449,0.307509,0.335455,0.2846,0.389056,0.313405,0.305667,0.404778
