18,7.19465e-05,7.19465e-05,7.19465e-05,7.19317e-05,7.19317e-05,7.19317e-05,7.19148e-05,7.19148e-05,7.19148e-05,7.20126e-05,7.20126e-05,7.20126e-05,7.20515e-05,7.20515e-05,7.20515e-05,7.19298e-05,7.19298e-05,7.19298e-05,7.19427e-05,7.19427e-05,7.19427e-05,7.19911e-05,7.19911e-05,7.19911e-05,7.19354e-05,7.19354e-05,7.19354e-05,7.19115e-05,7.19115e-05,7.19115e-05,7.19386e-05,7.19386e-05,7.19386e-05,7.19025e-05,7.19025e-05,7.19025e-05,7.19115e-05,7.19115e-05,7.19115e-05,7.19872e-05,7.19872e-05,7.19872e-05,7.19268e-05,7.19268e-05,7.19268e-05,7.195e-05,7.195e-05,7.195e-05,7.19128e-05,7.19128e-05,7.19128e-05,7.1919e-05,7.1919e-05,7.1919e-05,7.19424e-05,7.19424e-05,7.19424e-05,7.19191e-05,7.19191e-05,7.19191e-05,7.19919e-05,7.19919e-05,7.19919e-05,7.19141e-05,7.19141e-05,7.19141e-05,7.19245e-05,7.19245e-05,7.19245e-05,7.19225e-05,7.19225e-05,7.19225e-05,7.19142e-05,7.19142e-05,7.19142e-05
24,7.19591e-05,7.19591e-05,7.19591e-05,7.19591e-05
36,7.19881e-05,7.19881e-05,7.19881e-05,7.19605e-05,7.19605e-05,7.19605e-05,7.19605e-05,7.19605e-05,7.19605e-05,7.19354e-05,7.19354e-05,7.19354e-05,7.19115e-05,7.19115e-05,7.19115e-05,7.19386e-05,7.19386e-05,7.19386e-05,7.19322e-05,7.19322e-05,7.19322e-05,7.19447e-05,7.19447e-05,7.19447e-05,7.19447e-05,7.19447e-05,7.19447e-05,7.19271e-05,7.19271e-05,7.19271e-05,7.19588e-05,7.19588e-05,7.19588e-05,7.21886e-05,7.21886e-05,7.21886e-05,7.21886e-05,7.21886e-05,7.21886e-05,7.1919e-05,7.1919e-05,7.1919e-05,7.19721e-05,7.19721e-05,7.19721e-05,7.19721e-05,7.19721e-05,7.19721e-05,7.19191e-05,7.19191e-05,7.19191e-05,7.19919e-05,7.19919e-05,7.19919e-05,7.20104e-05,7.20104e-05,7.20104e-05,7.19398e-05,7.19398e-05,7.19398e-05,7.19398e-05,7.19398e-05,7.19398e-05,7.19595e-05,7.19595e-05,7.19595e-05
42,7.19166e-05,7.19166e-05,7.19166e-05,7.19166e-05,7.19166e-05,7.19166e-05,7.19166e-05,7.19591e-05,7.19591e-05,7.19591e-05
54,7.19881e-05,7.19881e-05,7.19881e-05,7.19605e-05,7.19605e-05,7.19605e-05,7.1948e-05,7.1948e-05,7.1948e-05,7.19588e-05,7.19588e-05,7.19588e-05,7.20291e-05,7.20291e-05,7.20291e-05,7.20291e-05,7.20291e-05,7.20291e-05,7.20291e-05,7.20291e-05,7.20291e-05
60,7.19166e-05,7.19166e-05,7.19166e-05
66,7.19427e-05,7.19427e-05,7.19427e-05,7.19427e-05,7.19427e-05,7.19427e-05,7.19427e-05,7.19427e-05
72,7.19881e-05,7.19881e-05,7.19881e-05,7.19918e-05,7.19918e-05,7.19918e-05,7.19918e-05,7.19918e-05,7.19918e-05,7.19918e-05,7.19918e-05,7.19918e-05,7.19447e-05,7.19447e-05,7.19447e-05,7.19447e-05,7.19447e-05,7.19447e-05,7.19613e-05,7.19613e-05,7.19613e-05,7.19613e-05,7.19613e-05,7.19613e-05,7.19613e-05,7.19613e-05,7.19613e-05,7.19613e-05,7.19613e-05,7.19613e-05
78,7.20126e-05,7.20126e-05,7.20126e-05,7.20126e-05,7.20126e-05,7.20126e-05,7.20126e-05,7.20126e-05,7.20126e-05,7.20126e-05,7.19519e-05,7.19519e-05,7.19519e-05,7.19519e-05,7.19519e-05,7.19519e-05,7.19519e-05,7.19519e-05,7.19519e-05,7.19519e-05,7.19519e-05,7.19519e-05,7.19519e-05,7.19366e-05,7.19366e-05,7.19366e-05,7.19427e-05,7.19427e-05,7.19427e-05,7.19427e-05,7.19427e-05,7.19427e-05,7.19427e-05,7.19427e-05,7.19427e-05,7.19427e-05,7.21857e-05,7.21857e-05,7.21857e-05,7.21857e-05,7.21857e-05,7.21857e-05,7.21857e-05
84,7.19591e-05,7.19591e-05,7.19591e-05,7.19591e-05,7.19591e-05,7.19591e-05,7.19591e-05
90,7.19881e-05,7.19881e-05,7.19881e-05,7.19671e-05,7.19671e-05,7.19671e-05,7.19671e-05,7.19671e-05,7.19671e-05,7.19671e-05,7.19671e-05,7.19671e-05,7.20109e-05,7.20109e-05,7.20109e-05,7.20109e-05,7.20109e-05,7.20109e-05,7.20109e-05,7.20109e-05,7.20109e-05,7.20109e-05,7.20109e-05,7.20109e-05,7.20109e-05,7.20109e-05,7.20109e-05,7.19621e-05,7.19621e-05,7.19621e-05,7.19621e-05,7.19621e-05,7.19621e-05,7.19621e-05,7.19621e-05,7.19621e-05
96,7.20515e-05,7.20515e-05,7.20515e-05,7.20515e-05,7.20515e-05,7.20515e-05,7.20515e-05,7.20515e-05,7.20515e-05,7.20515e-05,7.20515e-05,7.20515e-05,7.20515e-05,7.21455e-05,7.21455e-05,7.21455e-05,7.21455e-05,7.21455e-05,7.21455e-05,7.21455e-05,7.21455e-05,7.21455e-05,7.21455e-05,7.21455e-05,7.21455e-05,7.21455e-05,7.21455e-05,7.21455e-05,7.21455e-05,7.19782e-05,7.19782e-05,7.19782e-05,7.19782e-05,7.19782e-05,7.19782e-05,7.19782e-05,7.19782e-05,7.19782e-05,7.19782e-05,7.19782e-05,7.19782e-05,7.19782e-05,7.19782e-05,7.19782e-05,7.19782e-05,7.19627e-05,7.19627e-05,7.19627e-05,7.20104e-05,7.20104e-05,7.20104e-05,7.20104e-05,7.20104e-05,7.20104e-05,7.20104e-05,7.20104e-05,7.20104e-05,7.20104e-05
114,7.19569e-05,7.19569e-05,7.19569e-05,7.19569e-05,7.19569e-05,7.19569e-05,7.19569e-05,7.19569e-05,7.19569e-05,7.19569e-05,7.19569e-05,7.19569e-05,7.19569e-05,7.19569e-05,7.19569e-05,7.19569e-05,7.19569e-05,7.19569e-05,7.19569e-05,7.20898e-05,7.20898e-05,7.20898e-05,7.20898e-05,7.20898e-05,7.20898e-05,7.20898e-05,7.20898e-05,7.20898e-05,7.20898e-05,7.20898e-05,7.20898e-05,7.20898e-05,7.20898e-05,7.20898e-05,7.20898e-05,7.20898e-05,7.20898e-05,7.20898e-05,7.19721e-05,7.19721e-05,7.19721e-05,7.19721e-05,7.19721e-05,7.19721e-05,7.19721e-05,7.19721e-05,7.19721e-05,7.19721e-05,7.19721e-05,7.19721e-05,7.19721e-05,7.19887e-05,7.19887e-05,7.19887e-05,7.19887e-05,7.19887e-05,7.19887e-05,7.19887e-05,7.19887e-05,7.19887e-05,7.19887e-05,7.19887e-05,7.19887e-05,7.19887e-05,7.19887e-05,7.19887e-05,7.19887e-05
120,7.20182e-05,7.20444e-05
