18,3.22389e-06,3.22389e-06,3.22389e-06,2.25252e-06,2.25252e-06,2.25252e-06,2.25191e-06,2.25191e-06,2.25191e-06,2.75052e-06,2.75052e-06,2.75052e-06,2.54739e-06,2.54739e-06,2.54739e-06,2.25182e-06,2.25182e-06,2.25182e-06,2.25189e-06,2.25189e-06,2.25189e-06,3.78153e-05,3.78153e-05,3.78153e-05,2.25202e-06,2.25202e-06,2.25202e-06,2.25188e-06,2.25188e-06,2.25188e-06,2.25212e-06,2.25212e-06,2.25212e-06,2.25178e-06,2.25178e-06,2.25178e-06,2.25208e-06,2.25208e-06,2.25208e-06,3.90425e-06,3.90425e-06,3.90425e-06,2.25195e-06,2.25195e-06,2.25195e-06,2.25198e-06,2.25198e-06,2.25198e-06,2.25186e-06,2.25186e-06,2.25186e-06,6.89247e-06,6.89247e-06,6.89247e-06,2.25192e-06,2.25192e-06,2.25192e-06,2.25183e-06,2.25183e-06,2.25183e-06,2.25181e-06,2.25181e-06,2.25181e-06,2.25185e-06,2.25185e-06,2.25185e-06,2.25184e-06,2.25184e-06,2.25184e-06,3.40447e-06,3.40447e-06,3.40447e-06,1.10992e-05,1.10992e-05,1.10992e-05,2.25236e-06,2.25236e-06,2.25236e-06,2.25258e-06,2.25258e-06,2.25258e-06
36,9.21794e-06,9.21794e-06,9.21794e-06,9.21794e-06,9.21794e-06,9.21794e-06,2.25189e-06,2.25189e-06,2.25189e-06,2.25208e-06,2.25208e-06,2.25208e-06,2.25195e-06,2.25195e-06,2.25195e-06,2.25186e-06,2.25186e-06,2.25186e-06,2.25192e-06,2.25192e-06,2.25192e-06,2.25262e-06,2.25262e-06,2.25262e-06,8.19129e-06,8.19129e-06,8.19129e-06,8.19129e-06,8.19129e-06,8.19129e-06,1.65294e-05,1.65294e-05,1.65294e-05,1.65294e-05,1.65294e-05,1.65294e-05,1.10992e-05,1.10992e-05,1.10992e-05,2.25236e-06,2.25236e-06,2.25236e-06
48,2.25196e-06,2.25196e-06,2.25196e-06,2.25196e-06,2.25196e-06,2.25196e-06,2.25196e-06,2.25196e-06,2.06744e-05,2.06744e-05,2.06744e-05,2.06744e-05,2.06744e-05,2.06744e-05,2.06744e-05,2.06744e-05,2.25223e-06,2.25223e-06,2.25223e-06,2.25223e-06,2.25223e-06,2.25223e-06,2.25223e-06,2.25223e-06
54,6.89247e-06,6.89247e-06,6.89247e-06,6.89247e-06,6.89247e-06,6.89247e-06,1.11007e-05,1.11007e-05,1.11007e-05
66,2.25196e-06,2.25196e-06,2.25196e-06,7.72128e-05,7.72128e-05,7.72128e-05,7.72128e-05,7.72128e-05,7.72128e-05,7.72128e-05,7.72128e-05,2.26761e-06,2.26761e-06,2.26761e-06,2.26761e-06,2.26761e-06,2.26761e-06,2.26761e-06,2.26761e-06,2.26761e-06,2.26761e-06,2.26761e-06,1.22376e-05,1.22376e-05,1.22376e-05,1.22376e-05,1.22376e-05,1.22376e-05,1.22376e-05,1.22376e-05,1.32293e-05,1.32293e-05,1.32293e-05,1.32293e-05,1.32293e-05,1.32293e-05,1.32293e-05,1.32293e-05,2.25322e-06,2.25322e-06,2.25322e-06,2.25322e-06,2.25322e-06,2.25322e-06,2.25322e-06,2.25322e-06,2.25322e-06,2.25322e-06,2.25322e-06,2.2524e-06,2.2524e-06,2.2524e-06,2.2524e-06,2.2524e-06,2.2524e-06,2.2524e-06,2.2524e-06,2.2524e-06,2.2524e-06,2.2524e-06,2.25258e-06,2.25258e-06,2.25258e-06,2.25258e-06,2.25258e-06,2.25258e-06,2.25258e-06,2.25258e-06
72,2.25218e-06,2.25218e-06,2.25218e-06,2.25218e-06,2.25218e-06,2.25218e-06,2.87792e-05,2.87792e-05,2.87792e-05,2.87792e-05,2.87792e-05,2.87792e-05,2.87792e-05,2.87792e-05,2.87792e-05
84,3.09575e-06,3.09575e-06,3.09575e-06,3.09575e-06,3.09575e-06,3.09575e-06,3.09575e-06,3.09575e-06,3.09575e-06,3.09575e-06,3.09575e-06,8.35847e-06,8.35847e-06,8.35847e-06,8.35847e-06,8.35847e-06,8.35847e-06,8.35847e-06,8.35847e-06,8.35847e-06,8.35847e-06,8.35847e-06,8.35847e-06,8.35847e-06,8.35847e-06,4.26128e-05,4.26128e-05,4.26128e-05,4.26128e-05,4.26128e-05,4.26128e-05,4.26128e-05,4.26128e-05,4.26128e-05,4.26128e-05,4.26128e-05,4.26128e-05,4.26128e-05,4.26128e-05,2.25202e-06,2.25202e-06,2.25202e-06,2.25202e-06,2.25202e-06,2.25202e-06,2.25202e-06,2.25202e-06,2.25202e-06,2.25202e-06,2.25202e-06,4.29458e-06,4.29458e-06,4.29458e-06,4.29458e-06,4.29458e-06,4.29458e-06,4.29458e-06,4.29458e-06,4.29458e-06,4.29458e-06,4.29458e-06,4.29458e-06,4.29458e-06,4.29458e-06
90,2.25218e-06,2.25218e-06,2.25218e-06,2.87792e-05,2.87792e-05,2.87792e-05,1.11007e-05,1.11007e-05,1.11007e-05,1.11007e-05,1.11007e-05,1.11007e-05
96,5.56771e-06,5.56771e-06,5.56771e-06,5.56771e-06,5.56771e-06,5.56771e-06,5.56771e-06,5.56771e-06,5.56771e-06,5.56771e-06,5.56771e-06,5.56771e-06,5.56771e-06,7.72128e-05,7.72128e-05,7.72128e-05,7.72128e-05,7.72128e-05,2.26761e-06,2.26761e-06,2.26761e-06,2.26761e-06,2.26761e-06,2.25283e-06,2.25283e-06,2.25283e-06,2.25283e-06,2.25283e-06,2.25283e-06,2.25283e-06,2.25283e-06,8.51043e-06,8.51043e-06,8.51043e-06,8.51043e-06,8.51043e-06,8.51043e-06,8.51043e-06,8.51043e-06,8.51043e-06,8.51043e-06,1.10993e-05,1.10993e-05,1.10993e-05,1.10993e-05,1.10993e-05,1.10993e-05,1.10993e-05,1.10993e-05,1.10993e-05,1.10993e-05,1.10993e-05,1.10993e-05,1.10993e-05,1.10993e-05,1.10993e-05,1.10993e-05,2.25264e-06,2.25264e-06,2.25264e-06,2.25264e-06,2.25264e-06
102,6.44508e-06,6.44508e-06,6.44508e-06,6.44508e-06,6.44508e-06,6.44508e-06,6.44508e-06,6.44508e-06,6.44508e-06,6.44508e-06,6.44508e-06,6.44508e-06,6.44508e-06,6.44508e-06,2.25438e-06,2.25438e-06,2.25438e-06,9.15843e-05,9.15843e-05,9.15843e-05,9.15843e-05,9.15843e-05,9.15843e-05,9.15843e-05,9.15843e-05,9.15843e-05,9.15843e-05,9.15843e-05,3.04886e-06,3.04886e-06,3.04886e-06,3.04886e-06,3.04886e-06,3.04886e-06,3.04886e-06,3.04886e-06,3.04886e-06,3.04886e-06,3.04886e-06,3.04886e-06,3.04886e-06,3.04886e-06,3.04886e-06,3.04886e-06,3.04886e-06
108,2.25218e-06,2.25218e-06,2.25218e-06,1.11007e-05,1.11007e-05,1.11007e-05
114,0.000267353,0.000267353,0.000267353,0.000267353,0.000267353,0.000267353,0.000267353,0.000267353,0.000267353,0.000267353,0.000267353,0.000267353,0.000267353,0.000267353,0.000267353,0.000267353,0.000267353,0.000267353,0.000267353,1.22376e-05,1.22376e-05,1.22376e-05,1.22376e-05,1.22376e-05,1.22376e-05,1.22376e-05,1.22376e-05
120,6.14473e-05,2.20221e-05,2.25262e-06,8.29338e-06