6,0.683966,0.683689,1,0.864543,0.850736,0.704452,0.683689,0.683689,0.704485,0.683689,1,0.70761,0.811709,1,0.732418,1,0.690173,0.77586,0.80588,0.713492,0.88184,1,0.707429,0.817962,1,0.725335,0.727306,0.745333,0.929135,1,1,0.782229,0.822151,0.934044,0.852983,0.718226,0.895543,0.998047,0.91477,1,0.779408,0.953174,1,1,0.689824,0.708696,0.686162,0.869802
12,0.712792,0.683966,1,0.889993,0.892161,0.757804,0.732678,1,0.762727,0.889991,1,0.894324,0.817019,1,0.863556,1,0.777152,1,0.77494,0.900539,1,0.997718,0.817962,1,0.866077,0.940658,0.940658,0.727306,1,0.960231,1,0.847585,1,0.966864,0.863562,0.718227,0.998047,0.979845,1,0.833292,0.953175,1,1,0.743884,0.713199,0.695284,0.981341
18,1,0.683966,1,1,0.892824,0.827802,0.81471,1,0.844729,0.893834,1,0.944016,1,1,0.863556,1,0.777152,1,0.77494,0.900539,1,1,0.900764,1,0.866596,1,0.727306,1,0.960233,1,0.958585,1,0.96862,0.863562,0.718227,0.998047,0.979845,1,0.877028,0.953175,1,1,0.743884,0.844164,0.860534,1
24,1,0.717062,1,1,0.903164,0.894156,0.81471,1,0.844729,1,1,0.953192,1,1,0.944128,1,0.868672,1,0.77494,0.900539,1,1,0.900764,1,0.918853,1,0.824013,1,0.960233,1,0.967811,1,1,0.863562,0.8833,0.998047,0.979845,1,1,0.976494,1,1,0.743884,0.888088,1,1
30,1,0.738842,1,1,0.918852,0.932322,1,1,0.844729,1,1,0.953192,1,1,0.944128,1,0.868693,1,0.77494,0.992032,1,1,0.900764,1,0.936008,1,0.834854,1,0.96446,1,0.967811,1,1,0.869801,1,0.998047,0.979845,1,1,0.976494,1,1,0.743884,0.889996,1,1
36,1,0.808299,1,1,0.918852,0.932322,1,1,0.844729,1,1,0.953192,1,1,0.944128,1,0.896328,1,0.776769,0.992032,1,1,0.900764,1,0.936008,1,0.834854,1,0.96446,1,0.967811,1,1,0.869802,1,0.998047,0.981157,1,1,0.976494,1,1,0.743884,1,1,1
42,1,0.987215,1,1,0.918852,0.932322,1,1,0.848111,1,1,0.953192,1,1,0.944128,1,1,1,0.785969,1,1,1,0.900764,1,0.94112,1,0.934636,1,0.96446,1,0.967811,1,1,1,0.998047,0.981207,1,0.976494,1,1,0.743884,1,1,1
48,1,0.987215,1,1,1,0.932322,1,1,1,1,1,0.953271,1,1,0.944128,1,1,1,0.808702,1,1,1,0.900764,1,0.97985,1,0.934636,1,0.96446,1,0.967811,1,1,1,0.998047,0.982598,1,0.976494,1,1,0.999726,1,1,1
54,1,0.987215,1,1,1,0.932322,1,1,1,1,1,0.953272,1,1,0.944128,1,1,1,0.961821,1,1,1,0.900764,1,0.980801,1,0.934636,1,0.96446,1,0.968371,1,1,1,0.998047,1,0.976494,1,1,1,1,1,1
60,1,0.990964,1,1,1,0.937587,1,1,1,1,1,0.953272,1,1,0.944128,1,1,1,0.964849,1,1,1,0.900764,1,0.980961,1,0.978353,1,0.968371,1,1,1,0.998047,1,0.976494,1,1,1,1,1,1
66,1,0.995473,1,1,1,0.937587,1,1,1,1,1,0.953274,1,1,0.944128,1,1,1,0.964849,1,1,1,0.900764,1,0.980961,1,0.978353,1,0.968371,1,1,1,0.998047,1,0.976494,1,1,1,1,1,1
72,1,0.997271,1,1,1,0.937587,1,1,1,1,1,0.953274,1,1,0.944128,1,1,1,0.975421,1,1,1,0.900764,1,0.980961,1,0.978353,1,1,1,1,0.998047,1,0.976494,1,1,1,1,1,1
78,1,0.997271,1,1,1,0.940202,1,1,1,1,1,0.953274,1,1,0.944128,1,1,1,0.975421,1,1,1,0.900764,1,0.980961,1,0.978353,1,1,1,1,0.998047,1,0.976494,1,1,1,1,1,1
84,1,1,1,1,1,0.940202,1,1,1,1,1,0.953274,1,1,0.944128,1,1,1,0.975421,1,1,1,0.900764,1,0.983771,1,0.978422,1,1,1,1,0.998047,1,0.976494,1,1,1,1,1,1
90,1,1,1,1,1,0.940202,1,1,1,1,1,0.964554,1,1,0.944128,1,1,1,0.975421,1,1,1,0.900764,1,0.985177,1,0.978422,1,1,1,1,0.998047,1,0.976494,1,1,1,1,1,1
96,1,1,1,1,1,0.940202,1,1,1,1,1,0.965544,1,1,0.944128,1,1,1,0.975423,1,1,1,0.900764,1,0.985177,1,0.978422,1,1,1,1,0.998047,1,0.976494,1,1,1,1,1,1
102,1,1,1,1,1,0.940202,1,1,1,1,1,0.965544,1,1,0.947846,1,1,1,0.975746,1,1,1,0.900764,1,0.985177,1,0.978422,1,1,1,0.998047,1,0.976494,1,1,1,1,1,1
108,1,1,1,1,1,0.940202,1,1,1,1,1,0.965544,1,1,0.959178,1,1,1,0.975748,1,1,1,0.900764,1,0.985177,1,0.978422,1,1,1,0.998047,1,0.976494,1,1,1,1,1,1
114,1,1,1,1,1,0.940202,1,1,1,1,1,0.965927,1,1,0.95918,1,1,1,0.976157,1,1,1,0.900764,1,0.985177,1,0.978422,1,1,1,0.998047,1,0.976494,1,1,1,1,1,1
120,1,1,1,1,1,0.940202,1,1,1,1,1,0.965927,1,1,0.960854,1,1,0.978344,1,1,1,0.900764,1,0.985177,1,0.978422,1,1,1,0.998047,1,0.976494,1,1,1,1,1,1
