6,0.839059,0.806237,0.761818,0.832887,0.806237,0.797395,0.861316,0.808225,0.808616,0.847067,0.773488,0.806326,0.806237,0.784201,0.795438,0.805888,0.853994,0.806237,0.833158,0.806237,0.824109,0.79447,0.833536,0.806236,0.798166,0.793405,0.7515,0.806961,0.777025,0.828641,0.806236,0.776061,0.734998,0.806237,0.777487,0.847449,0.810595,0.832442,0.799178,0.827769,0.807722,0.806227,0.817732,0.880235,0.834317,0.806236,0.79455,0.826599,0.735243,0.811816
12,0.839059,0.806237,0.822983,0.832887,0.806767,0.846908,0.861316,0.847952,0.808616,0.847067,0.773488,0.837966,0.806237,0.845886,0.795438,0.805888,0.853994,0.890118,0.833158,0.811961,0.824109,0.806234,0.833536,0.852891,0.806237,0.80773,0.806237,0.806961,0.806115,0.828641,0.806236,0.878811,0.785406,0.837684,0.781933,0.847449,0.850682,0.844282,0.847253,0.827769,0.807722,0.806237,0.817732,0.880235,0.834317,0.806236,0.8223,0.826599,0.806237,0.811816
18,0.839059,0.849401,0.822983,0.847067,0.806767,0.846908,0.861316,0.847952,0.808616,0.847067,0.90559,0.837966,0.806237,0.845886,0.806237,0.862891,0.853994,0.890118,0.833158,0.811961,0.879771,0.806234,0.833536,0.857809,0.821393,0.80773,0.806237,0.806961,0.849391,0.841587,0.807744,0.878811,0.812111,0.837684,0.807732,0.847449,0.850682,0.844282,0.88399,0.827769,0.807722,0.811816,0.842874,0.880235,0.834317,0.819778,0.8223,0.835516,0.806237,0.811816
24,0.839059,0.849401,0.822983,0.847067,0.806767,0.846908,0.861316,0.847952,0.852337,0.847067,0.90559,0.837966,0.857317,0.845886,0.812556,0.862891,0.853994,0.890118,0.848279,0.914784,0.879771,0.806234,0.833536,0.858734,0.821393,0.814607,0.807729,0.810582,0.849391,0.849514,0.807744,0.878811,0.857401,0.837684,0.831325,0.847449,0.850682,0.844282,0.88399,0.827769,0.820338,0.811816,0.842874,0.880235,0.884789,0.819778,0.823712,0.835516,0.832928,0.81199
30,0.839059,0.849401,0.822983,0.847067,0.807731,0.846908,0.861316,0.847952,0.85756,0.847067,0.90559,0.837966,0.857317,0.845886,0.841437,0.862891,0.853994,0.890118,0.848279,0.914784,0.879771,0.806234,0.833536,0.858734,0.821393,0.814607,0.807729,0.810582,0.849391,0.849514,0.807744,0.878811,0.857401,0.837684,0.831325,0.853795,0.850682,0.844282,0.88399,0.827769,0.846797,0.913918,0.842874,0.880235,0.884789,0.819778,0.847898,0.835516,0.832928,0.81199
36,0.839059,0.849401,0.822983,0.847067,0.829961,0.846908,0.861316,0.847952,0.85756,0.847067,0.90559,0.837966,0.857317,0.845886,0.841437,0.862891,0.853994,0.848279,0.914784,0.879771,0.807732,0.833536,0.858734,0.821393,0.814607,0.856667,0.853562,0.849391,0.849514,0.807744,0.878811,0.857401,0.837684,0.831325,0.853795,0.850682,0.854476,0.88399,0.827769,0.846797,0.913918,0.842874,0.880235,0.884789,0.819778,0.847898,0.835516,0.832928,0.832343
42,0.88541,0.849401,0.831684,0.847067,0.829961,0.846908,0.861316,0.847952,0.85756,0.855561,0.90559,0.837966,0.857317,0.845886,0.841437,0.862891,0.853994,0.848279,0.914784,0.879771,0.807732,0.833536,0.858734,0.821393,0.814607,0.856667,0.853562,0.849391,0.849514,0.884887,0.878811,0.857401,0.837684,0.831325,0.853795,0.850682,0.854476,0.88399,0.827769,0.846797,0.913918,0.842874,0.880235,0.884789,0.884314,0.847898,0.835516,0.832928,0.832343
48,0.88541,0.849401,0.831684,0.847067,0.829961,0.846908,0.865546,0.847952,0.85756,0.855561,0.90559,0.837966,0.857317,0.845886,0.841437,0.862891,0.853994,0.848279,0.914784,0.879771,0.807732,0.833536,0.858734,0.849634,0.850705,0.856667,0.853562,0.849391,0.849514,0.884887,0.911189,0.857401,0.837684,0.831325,0.853795,0.875921,0.854476,0.827769,0.846797,0.913918,0.842874,0.880235,0.884789,0.884314,0.847898,0.835516,0.832928,0.832343
54,0.88541,0.849401,0.831684,0.847067,0.856364,0.846908,0.865546,0.847952,0.85756,0.855561,0.90559,0.837966,0.857317,0.845886,0.841437,0.862891,0.853994,0.848279,0.914784,0.879771,0.807732,0.833536,0.858734,0.849634,0.850705,0.856667,0.853562,0.885477,0.855557,0.884887,0.911189,0.857401,0.837684,0.831325,0.853795,0.875921,0.854476,0.827769,0.846797,0.913918,0.842874,0.880235,0.906857,0.884314,0.862679,0.835516,0.832928,0.84694
60,0.88541,0.849401,0.831684,0.847067,0.856364,0.846908,0.865546,0.86268,0.85756,0.855561,0.90559,0.837966,0.857317,0.845886,0.841437,0.881411,0.853994,0.848279,0.914784,0.879771,0.883435,0.833536,0.858734,0.849634,0.850705,0.856667,0.853562,0.885477,0.855557,0.884887,0.911189,0.896323,0.837684,0.831325,0.853795,0.875921,0.854476,0.827769,0.846797,0.913918,0.842874,0.880235,0.906857,0.884314,0.862679,0.835516,0.832928,0.84694
66,0.88541,0.849401,0.847966,0.847067,0.910419,0.846908,0.865546,0.86268,0.85756,0.855561,0.90559,0.837966,0.857317,0.845886,0.841437,0.853994,0.848279,0.914784,0.879771,0.883435,0.842199,0.858734,0.849634,0.850705,0.884789,0.853562,0.885477,0.859605,0.884887,0.911189,0.896323,0.837684,0.840638,0.853795,0.875921,0.854476,0.827769,0.846797,0.913918,0.842874,0.880235,0.906857,0.884314,0.862679,0.835516,0.832928,0.84694
72,0.88541,0.849401,0.847966,0.848254,0.910419,0.846908,0.865546,0.86268,0.85756,0.855561,0.90559,0.866785,0.857317,0.857133,0.841437,0.853994,0.848279,0.914784,0.879771,0.883435,0.842199,0.858734,0.849634,0.850705,0.884789,0.853562,0.885477,0.859605,0.893048,0.911189,0.896323,0.837684,0.840638,0.853795,0.875921,0.857201,0.911393,0.846797,0.913918,0.842874,0.880235,0.906857,0.884314,0.862679,0.835516,0.832928,0.84694
78,0.88541,0.849401,0.847966,0.848254,0.910419,0.846908,0.865546,0.86268,0.85756,0.855561,0.90559,0.866785,0.857317,0.857133,0.91303,0.853994,0.848279,0.914784,0.879771,0.883435,0.842199,0.875463,0.849634,0.850705,0.884789,0.853562,0.885477,0.859605,0.893048,0.911189,0.896323,0.837684,0.88378,0.853795,0.875921,0.911393,0.846797,0.913918,0.842874,0.880235,0.906857,0.884314,0.862679,0.847305,0.832928,0.84694
84,0.88541,0.849401,0.847966,0.848254,0.910419,0.846908,0.865546,0.86268,0.85756,0.855561,0.90559,0.866785,0.857317,0.857133,0.91303,0.853994,0.848279,0.914784,0.879771,0.883435,0.842199,0.875463,0.849634,0.850705,0.884789,0.887249,0.885477,0.859605,0.893048,0.911189,0.896323,0.837684,0.88378,0.853795,0.875921,0.911393,0.846797,0.913918,0.846016,0.880235,0.906857,0.884314,0.862679,0.847305,0.832928,0.84694
90,0.88541,0.849401,0.873505,0.86587,0.910419,0.846908,0.865546,0.86268,0.85756,0.855561,0.90559,0.866785,0.857317,0.857133,0.91303,0.853994,0.848279,0.914784,0.879771,0.883435,0.842199,0.875463,0.849634,0.850705,0.884789,0.887249,0.885477,0.859605,0.893048,0.911189,0.896323,0.838483,0.88378,0.853795,0.875921,0.911393,0.846797,0.913918,0.846016,0.880235,0.906857,0.884314,0.862679,0.847305,0.832928,0.84694
96,0.88541,0.849401,0.873505,0.86587,0.910419,0.846908,0.865546,0.86268,0.85756,0.855561,0.90559,0.866785,0.857317,0.857133,0.91303,0.853994,0.848279,0.914784,0.879771,0.883435,0.842199,0.875463,0.867308,0.850705,0.893884,0.887249,0.885477,0.859605,0.893048,0.911189,0.896323,0.838483,0.88378,0.853795,0.875921,0.911393,0.846797,0.913918,0.846016,0.880235,0.906857,0.884314,0.862679,0.847305,0.915205,0.84694
102,0.88541,0.913906,0.873505,0.86587,0.910419,0.846908,0.865546,0.86268,0.890019,0.856803,0.90559,0.866785,0.857317,0.857133,0.91303,0.853994,0.890118,0.890118,0.890118,0.890118,0.890118,0.890118,0.890118,0.890118,0.890118,0.890118,0.890118,0.890118,0.914784,0.879771,0.883435,0.842199,0.875463,0.867308,0.934715,0.893884,0.887249,0.896087,0.859605,0.893048,0.911189,0.896323,0.838483,0.88378,0.853795,0.875921,0.911393,0.846797,0.913918,0.846016,0.880235,0.906857,0.884314,0.862679,0.847305,0.915205,0.84694
108,0.88541,0.913906,0.873505,0.86587,0.910419,0.846908,0.883379,0.86268,0.890019,0.856803,0.90559,0.866785,0.857317,0.857133,0.91303,0.853994,0.890118,0.914784,0.879771,0.883435,0.842199,0.875463,0.867308,0.934715,0.893884,0.887249,0.896087,0.859605,0.893048,0.911189,0.896323,0.869442,0.88378,0.853795,0.875921,0.911393,0.846797,0.913918,0.846016,0.880235,0.906857,0.884314,0.862679,0.847305,0.915205,0.84694
114,0.88541,0.913906,0.873505,0.875365,0.910419,0.846908,0.883379,0.86268,0.890019,0.856803,0.90559,0.866785,0.857317,0.857133,0.91303,0.87874,0.890118,0.914784,0.879771,0.883864,0.842199,0.875463,0.867308,0.934715,0.893884,0.887249,0.896087,0.859605,0.893048,0.911189,0.896323,0.869442,0.88378,0.853795,0.875921,0.911393,0.864637,0.913918,0.846016,0.880235,0.906857,0.884314,0.862679,0.847305,0.915205,0.84694
120,0.88541,0.913906,0.873505,0.875365,0.910419,0.846908,0.883379,0.86268,0.890019,0.856803,0.90559,0.866785,0.857317,0.857133,0.91303,0.87874,0.890118,0.914784,0.879771,0.883864,0.842199,0.875463,0.867308,0.934715,0.893884,0.887249,0.896087,0.86118,0.893048,0.911189,0.896323,0.869442,0.88378,0.853795,0.875921,0.911393,0.864637,0.913918,0.846016,0.880235,0.906857,0.884314,0.862679,0.847305,0.915205,0.894116
