6,0.192458,0.164687,0.159338,0.201871,0.104774,0.187202,0.187155,0.218646,0.250094,0.0986379,0.162088,0.177964,0.0880338,0.0598121,0.186905,0.339038,0.175269,0.190283,0.0950372,0.0800922,0.21647,0.144803,0.177818,0.245086,0.255739,0.108766,0.0876233,0.199163,0.142674,0.259639,0.0917794,0.187202,0.0817095,0.480364,0.178946,0.19176,0.238445,0.107485,0.0917794,0.187905,0.209729,0.17701,0.190746,0.190563,0.190498,0.187202,0.203545,0.148675,0.187311,0.175454
12,0.192458,0.190028,0.159338,0.201871,0.190284,0.22685,0.191182,0.218646,0.250094,0.196789,0.162088,0.196392,0.1904,0.0777802,0.187202,0.339038,0.175269,0.352888,0.196554,0.0800922,0.21647,0.144803,0.187082,0.245086,0.255739,0.108766,0.185073,0.199163,0.142674,0.259639,0.232341,0.190284,0.191759,0.480364,0.188712,0.19176,0.238445,0.186373,0.302403,0.187905,0.491407,0.250957,0.190746,0.190563,0.190498,0.187202,0.203545,0.18801,0.187311,0.175454
18,0.192458,0.233109,0.235996,0.201871,0.190284,0.22685,0.191182,0.218646,0.250094,0.235369,0.162088,0.206492,0.1904,0.103085,0.187202,0.339038,0.187294,0.352888,0.196554,0.0807506,0.21647,0.144803,0.1872,0.245086,0.255739,0.191818,0.185073,0.199163,0.242335,0.259639,0.232341,0.190284,0.199126,0.480364,0.188712,0.231454,0.238445,0.186373,0.302403,0.187905,0.491407,0.250957,0.190746,0.190563,0.190498,0.190281,0.203545,0.190282,0.187311,0.175454
24,0.192458,0.233109,0.235996,0.201871,0.190284,0.22685,0.197123,0.218646,0.250094,0.235369,0.187202,0.206492,0.196872,0.197881,0.187202,0.339038,0.188575,0.352888,0.240278,0.190281,0.21647,0.199174,0.1872,0.245086,0.255739,0.191818,0.185073,0.199163,0.242335,0.259639,0.232341,0.190284,0.199126,0.480364,0.188712,0.231454,0.238445,0.186373,0.302403,0.187905,0.491407,0.250957,0.190746,0.190563,0.232384,0.190281,0.203545,0.193683,0.187311,0.175454
30,0.192458,0.233109,0.235996,0.201871,0.2543,0.22685,0.197123,0.218646,0.250094,0.24142,0.18875,0.206492,0.196872,0.197881,0.187202,0.339038,0.189713,0.352888,0.240278,0.190281,0.21647,0.199174,0.188131,0.245086,0.255739,0.191818,0.201767,0.199163,0.242335,0.259639,0.232341,0.190284,0.199126,0.480364,0.188712,0.231454,0.238445,0.190417,0.302403,0.187905,0.491407,0.352888,0.190746,0.190563,0.30219,0.205857,0.203545,0.193683,0.191749,0.190209
36,0.192458,0.233109,0.235996,0.201871,0.2543,0.22685,0.197123,0.218646,0.250094,0.260172,0.44475,0.206492,0.196872,0.197881,0.187202,0.339038,0.189713,0.352888,0.240278,0.190281,0.21647,0.199174,0.188131,0.300909,0.255739,0.191818,0.201767,0.199163,0.242335,0.259639,0.232341,0.190284,0.199126,0.480364,0.188712,0.231454,0.238445,0.201871,0.302403,0.187905,0.491407,0.352888,0.190746,0.190563,0.30219,0.205857,0.203545,0.193683,0.191749,0.190209
42,0.192458,0.233109,0.235996,0.201871,0.401752,0.22685,0.197123,0.218646,0.372438,0.260172,0.44475,0.206492,0.196872,0.197881,0.382462,0.339038,0.189713,0.352888,0.240278,0.190281,0.21647,0.20354,0.190588,0.300909,0.255739,0.23996,0.201767,0.199163,0.242335,0.259639,0.232341,0.352888,0.199126,0.480364,0.199169,0.231454,0.238445,0.201871,0.302403,0.187905,0.491407,0.352888,0.198545,0.190563,0.30219,0.205857,0.203545,0.193683,0.191749,0.190209
48,0.192458,0.233109,0.235996,0.201871,0.401752,0.22685,0.197123,0.437671,0.372438,0.260172,0.44475,0.206492,0.196872,0.197881,0.382462,0.339038,0.189713,0.352888,0.240278,0.190281,0.21647,0.20354,0.190746,0.300909,0.255739,0.23996,0.201767,0.199163,0.242335,0.453542,0.232341,0.352888,0.199126,0.480364,0.239719,0.231454,0.238445,0.201871,0.302403,0.187905,0.491407,0.352888,0.198545,0.190563,0.30219,0.205857,0.240586,0.193683,0.191749,0.190403
54,0.192458,0.233109,0.235996,0.201871,0.401752,0.22685,0.197123,0.437671,0.372438,0.260172,0.44475,0.206492,0.212102,0.197881,0.382462,0.339038,0.189713,0.352888,0.240278,0.240583,0.21647,0.20354,0.190746,0.300909,0.255739,0.23996,0.21004,0.199163,0.242335,0.453542,0.232341,0.352888,0.306824,0.480364,0.239719,0.231454,0.238445,0.230226,0.302403,0.187905,0.491407,0.352888,0.198545,0.190563,0.30219,0.205857,0.240586,0.193683,0.191749,0.209905
60,0.192458,0.233109,0.235996,0.484007,0.401752,0.22685,0.197123,0.437671,0.372438,0.260172,0.44475,0.206492,0.212102,0.197881,0.382462,0.339038,0.189713,0.352888,0.240278,0.240583,0.21647,0.24266,0.305528,0.300909,0.255739,0.23996,0.230553,0.374718,0.242335,0.453542,0.232341,0.352888,0.306824,0.480364,0.239719,0.231454,0.238445,0.230226,0.302403,0.187905,0.491407,0.352888,1,0.240586,0.30219,0.205857,0.240586,0.193683,0.191749,0.209905
66,0.192458,0.233109,0.235996,0.484007,0.401752,0.22685,0.202024,0.437671,0.372438,0.260172,0.44475,0.206492,0.212102,0.230892,0.382462,0.339038,0.189713,0.352888,0.240278,0.25673,0.249887,0.24266,0.305528,0.300909,0.255739,0.285792,0.230553,0.374718,0.268921,0.453542,0.472378,0.352888,0.306824,0.480364,0.239719,0.231454,0.238445,0.230226,0.302403,0.187905,0.491407,0.352888,1,0.240586,0.30219,0.205857,0.240586,0.325406,0.191749,0.209905
72,0.192458,0.28288,0.235996,0.484007,0.401752,0.534904,0.25176,0.437671,0.372438,0.260172,0.44475,0.492242,0.230892,0.382462,0.339038,0.189713,0.352888,0.240278,0.25673,0.249887,0.24266,0.305528,0.300909,0.255739,0.285792,0.230553,0.374718,0.268921,0.453542,0.472378,0.352888,0.306824,0.480364,0.239719,0.231454,0.238871,0.230226,0.302403,0.187905,0.491407,0.352888,1,0.240586,0.30219,0.205857,0.240586,0.325406,0.191749,0.209905
78,0.192458,0.291606,0.235996,0.484007,0.401752,0.534904,0.25176,0.437671,0.372438,0.260172,0.44475,0.492242,0.230892,0.382462,0.339038,0.189713,0.352888,0.240278,0.25673,0.249887,0.24266,0.305528,0.300909,0.255739,0.285792,0.230553,0.374718,0.268921,0.453542,0.472378,0.460272,0.306824,0.480364,0.239719,0.231454,0.238871,0.230226,0.302403,0.187905,0.491407,0.352888,1,0.240586,0.35619,0.205857,0.240586,0.325406,0.191749,0.209905
84,0.192458,0.291606,0.235996,0.484007,0.401752,0.534904,0.25176,0.437671,0.372438,0.260172,0.44475,0.492242,0.230892,0.382462,0.339038,0.189713,0.352888,0.240278,0.25673,0.249887,0.24266,0.305528,0.300909,0.255739,0.285792,0.230553,0.374718,0.268921,0.453542,0.472378,0.460272,0.306824,0.480364,0.239719,0.231454,0.238871,0.230226,0.302403,0.187905,0.491407,0.352888,1,0.240586,0.35619,0.205857,0.30057,0.325406,0.191749,0.209905
90,0.192458,0.291606,0.235996,0.484007,0.401752,0.534904,0.25176,0.437671,0.372438,0.260172,0.44475,0.230892,0.382462,0.339038,0.189713,0.352888,0.240278,0.352888,0.249887,0.24266,0.305528,0.300909,0.255739,0.285792,0.230553,0.374718,0.268921,0.453542,0.472378,0.460272,0.306824,0.480364,0.239719,0.231454,0.238871,0.230226,0.302403,0.187905,0.491407,0.352888,1,0.240586,0.35619,0.205857,0.30057,0.325406,0.191749,0.209905
96,0.260116,0.291606,0.235996,0.484007,0.401752,0.534904,0.25176,0.437671,0.372438,0.260172,0.44475,0.236032,0.382462,0.339038,0.189713,0.352888,0.240278,0.352888,0.249887,0.24266,0.305528,0.300909,0.255739,0.285792,0.230553,0.374718,0.268921,0.453542,0.472378,0.460272,0.306824,0.480364,0.239719,0.231454,0.238871,0.230226,0.302403,0.187905,0.491407,0.352888,1,0.240586,0.35619,0.205857,0.30057,0.325406,0.193456,0.214534
102,0.260116,0.291606,0.235996,0.484007,0.401752,0.534904,0.25176,0.437671,0.372438,0.260172,0.44475,0.239022,0.382462,0.339038,0.244627,0.352888,0.240278,0.352888,0.249887,0.24266,0.305528,0.300909,0.255739,0.285792,0.230553,0.374718,0.268921,0.453542,0.472378,0.460272,0.306824,0.480364,0.239719,0.239685,0.238871,0.230226,0.302403,0.190554,0.491407,0.352888,1,0.240586,0.35619,0.205857,0.30057,0.325406,0.193456,0.214534
108,0.260116,0.291606,0.355131,0.484007,0.401752,0.534904,0.25176,0.437671,0.372438,0.260172,0.44475,0.239022,0.382462,0.339038,0.244627,0.352888,0.259628,0.352888,0.249887,0.245847,0.305528,0.300909,0.255739,0.285792,0.230553,0.374718,0.268921,0.453542,0.472378,0.460272,0.306824,0.480364,0.239719,0.239685,0.238871,0.242304,0.302403,0.190554,0.491407,0.352888,1,0.240586,0.35619,0.205857,0.30057,0.325406,0.193456,0.214534
114,0.260116,0.291606,0.355131,0.484007,0.401752,0.534904,0.25176,0.437671,0.372438,0.260172,0.44475,0.239022,0.382462,0.339038,0.244627,0.352888,0.259628,0.352888,0.249887,0.245847,0.305528,0.300909,0.255739,0.285792,0.230553,0.374718,0.268921,0.453542,0.472378,0.460272,0.306824,0.480364,0.239719,0.239685,0.238871,0.242304,0.302403,0.204896,0.491407,0.352888,1,0.240586,0.35619,0.205857,0.30057,0.325406,0.193456,0.214534
120,0.260116,0.291606,0.355131,0.484007,0.401752,0.534904,0.25176,0.437671,0.372438,0.260172,0.44475,0.239022,0.382462,0.339038,0.244627,0.352888,0.259628,0.352888,0.249887,0.245847,0.305528,0.300909,0.255739,0.285792,0.230553,0.374718,0.268921,0.453542,0.472378,0.460272,0.418487,0.480364,0.239719,0.239685,0.238871,0.242304,0.302403,0.204896,0.491407,0.352888,1,0.317072,0.35619,0.205857,0.30057,0.325406,0.193456,0.214534
