6,6.6595e-07,6.6595e-07,6.6595e-07,6.6595e-07,6.6595e-07,6.6595e-07,6.6595e-07,6.6595e-07,6.6595e-07,6.6595e-07,6.6595e-07,6.6595e-07,6.6595e-07,6.6595e-07,6.6595e-07,6.6595e-07,6.6595e-07,6.6595e-07,6.6595e-07,6.6595e-07,6.6595e-07,6.6595e-07,6.6595e-07,6.6595e-07,6.6595e-07,6.6595e-07,6.6595e-07,6.6595e-07,6.6595e-07,6.6595e-07,6.6595e-07,6.6595e-07,6.6595e-07,6.6595e-07,6.6595e-07,6.6595e-07,6.6595e-07,6.6595e-07,6.6595e-07,6.6595e-07,6.6595e-07,6.6595e-07
12,6.66228e-07,6.66228e-07,6.66228e-07,6.66228e-07,6.66228e-07,6.66228e-07,6.66228e-07,6.66228e-07,6.66228e-07,6.66228e-07,6.66228e-07,6.66228e-07,6.66228e-07,6.66228e-07,6.66228e-07,6.66228e-07,6.66228e-07,6.66228e-07,6.66228e-07,6.66228e-07,6.66228e-07,6.66228e-07,6.66228e-07,6.66228e-07,6.66228e-07,6.66228e-07,6.66228e-07,6.66228e-07,6.66228e-07,6.66228e-07,6.66228e-07,6.66228e-07,6.66228e-07,6.66228e-07,6.66228e-07,6.66228e-07,6.66228e-07,6.66228e-07,6.66228e-07,6.66228e-07,6.66228e-07,6.66228e-07
18,6.66228e-07,6.66228e-07,6.66228e-07,6.66228e-07,6.66228e-07,6.66228e-07,6.66228e-07,6.66228e-07,6.66228e-07,6.66228e-07,6.66228e-07,6.66228e-07,6.66228e-07,6.66228e-07,6.66228e-07,6.66228e-07,6.66228e-07,6.66228e-07,6.66228e-07,6.66228e-07,6.66228e-07,6.66228e-07,6.66228e-07,6.66228e-07,6.66228e-07,6.66228e-07,6.66228e-07,6.66228e-07,6.66228e-07,6.66228e-07,6.66228e-07,6.66228e-07,6.66228e-07,6.66228e-07
24,6.66228e-07,6.66228e-07,6.66228e-07,6.66228e-07,6.66228e-07,6.66228e-07,6.66228e-07,6.66228e-07,6.66228e-07,6.66228e-07,6.66228e-07,6.66228e-07,6.66228e-07,6.66228e-07,6.66228e-07,6.66228e-07,6.66228e-07,6.66228e-07,6.66228e-07,6.66228e-07,6.66228e-07,6.66228e-07,6.66228e-07,6.66228e-07,6.66228e-07,6.66228e-07,6.66228e-07,6.66228e-07,6.66228e-07
30,6.66228e-07,6.66228e-07,6.66228e-07,6.66228e-07,6.66228e-07,6.66228e-07,6.66228e-07,6.66228e-07,6.66228e-07,6.66228e-07,6.66228e-07,6.66228e-07,6.66228e-07,6.66228e-07,6.66228e-07,6.66228e-07,6.66228e-07,6.66228e-07,6.66228e-07,6.66228e-07,6.66228e-07,6.66228e-07,6.66228e-07,6.66228e-07,6.66228e-07
36,6.66228e-07,6.66228e-07,6.66228e-07,6.66228e-07,6.66228e-07,6.66228e-07,6.66228e-07,6.66228e-07,6.66228e-07,6.66228e-07,6.66228e-07,6.66228e-07,6.66228e-07,6.66228e-07,6.66228e-07,6.66228e-07,6.66228e-07,6.66228e-07,6.66228e-07,6.66228e-07,6.66228e-07,6.66228e-07
42,6.66228e-07,6.66228e-07,6.66228e-07,6.66228e-07,6.66228e-07,6.66228e-07,6.66228e-07,6.66228e-07,6.66228e-07,6.66228e-07,6.66228e-07,6.66228e-07,6.66228e-07,6.66228e-07,6.66228e-07,6.66228e-07,6.66228e-07,6.66228e-07,6.66228e-07
48,6.66228e-07,6.66228e-07,6.66228e-07,6.66228e-07,6.66228e-07,6.66228e-07,6.66228e-07,6.66228e-07,6.66228e-07,6.66228e-07,6.66228e-07,6.66228e-07,6.66228e-07,6.66228e-07,6.66228e-07,6.66228e-07,6.66228e-07,6.66228e-07,6.66228e-07
54,6.66228e-07,6.66228e-07,6.66228e-07,6.66228e-07,6.66228e-07,6.66228e-07,6.66228e-07,6.66228e-07,6.66228e-07,6.66228e-07,6.66228e-07,6.66228e-07,6.66228e-07,6.66228e-07,6.66228e-07,6.66228e-07,6.66228e-07,6.66228e-07,6.66228e-07,6.66228e-07,6.66228e-07,6.66228e-07
60,6.66228e-07,6.66228e-07,6.66228e-07,6.66228e-07,6.66228e-07,6.66228e-07,6.66228e-07,6.66228e-07,6.66228e-07,6.66228e-07,6.66228e-07,6.66228e-07,6.66228e-07,6.66228e-07,6.66228e-07,6.66228e-07,6.66228e-07,6.66228e-07,6.66228e-07,6.66228e-07,6.66228e-07,6.66228e-07
66,6.66228e-07,6.66228e-07,6.66228e-07,6.66228e-07,6.66228e-07,6.66228e-07,6.66228e-07,6.66228e-07,6.66228e-07,6.66228e-07,6.66228e-07,6.66228e-07,6.66228e-07,6.66228e-07,6.66228e-07,6.66228e-07,6.66228e-07,6.66228e-07
72,6.66228e-07,6.66228e-07,6.66228e-07,6.66228e-07,6.66228e-07,6.66228e-07,6.66228e-07,6.66228e-07,6.66228e-07,6.66228e-07,6.66228e-07,6.66228e-07,6.66228e-07,6.66228e-07,6.66228e-07,6.66228e-07,6.66228e-07
78,6.66228e-07,6.66228e-07,6.66228e-07,6.66228e-07,6.66228e-07,6.66228e-07,6.66228e-07,6.66228e-07,6.66228e-07,6.66228e-07,6.66228e-07,6.66228e-07,6.66228e-07,6.66228e-07,6.66228e-07,6.66228e-07,6.66228e-07,6.66228e-07,6.66228e-07,6.66228e-07,6.66228e-07,6.66228e-07,6.66228e-07,6.66228e-07,6.66228e-07,6.66228e-07,6.66228e-07,6.66228e-07,6.66228e-07,6.66228e-07,6.66228e-07,6.66228e-07,6.66228e-07,6.66228e-07,6.66228e-07,6.66228e-07,6.66228e-07,6.66228e-07,6.66228e-07,6.66228e-07,6.66228e-07,6.66228e-07,6.66228e-07,6.66228e-07,6.66228e-07,6.66228e-07,6.66228e-07,6.66228e-07,6.66228e-07
84,7.19102e-07,7.19102e-07,7.19102e-07,7.19102e-07,7.19102e-07,7.19102e-07,7.19102e-07,7.19102e-07,7.19102e-07,7.19102e-07,7.19102e-07,7.19102e-07,7.19102e-07,7.19102e-07,7.19102e-07,7.19102e-07,7.19102e-07,7.19102e-07,7.19102e-07,7.19102e-07,7.19102e-07,7.19102e-07,7.19102e-07,6.66228e-07,7.19102e-07,6.66228e-07,6.66228e-07,6.66228e-07,6.66228e-07,6.66228e-07,6.66228e-07,6.66228e-07,6.66228e-07,6.66228e-07,6.66228e-07,6.66228e-07,6.66228e-07,6.66228e-07,6.66228e-07,6.66228e-07,6.66228e-07,6.66228e-07,6.66228e-07,6.66228e-07,6.66228e-07,6.66228e-07,6.66228e-07,6.66228e-07,6.66228e-07,6.66228e-07,6.66228e-07,6.66228e-07,6.66228e-07,6.66228e-07,6.66228e-07,6.66228e-07,6.66228e-07,6.66228e-07,6.66228e-07,6.66228e-07,6.66228e-07
90,7.19102e-07,7.19102e-07,7.19102e-07,7.19102e-07,7.19102e-07,7.19102e-07,7.19102e-07,7.19102e-07,7.19102e-07,7.19102e-07,7.19102e-07,7.19102e-07,7.19102e-07,7.19102e-07,7.19102e-07,7.19102e-07,7.19102e-07,7.19102e-07,7.19102e-07,7.19102e-07,7.19102e-07,7.19102e-07,7.19102e-07,7.19102e-07,7.19102e-07,7.19102e-07,7.19102e-07,7.19102e-07
96,7.19102e-07,7.19102e-07,7.19102e-07,7.19102e-07,7.19102e-07,7.19102e-07,7.19102e-07,7.19102e-07,7.19102e-07,7.19102e-07,7.19102e-07,7.19102e-07,7.19102e-07,7.19102e-07,7.19102e-07,7.19102e-07,7.19102e-07,7.19102e-07
102,7.19102e-07,7.19102e-07,7.19102e-07,7.19102e-07,7.19102e-07,7.19102e-07,7.19102e-07,7.19102e-07,7.19102e-07,7.19102e-07,7.19102e-07,7.19102e-07,7.19102e-07,7.19102e-07,7.19102e-07,7.19102e-07,7.19102e-07,7.19102e-07
108,7.19102e-07,7.19102e-07,7.19102e-07,7.19102e-07,7.19102e-07,7.19102e-07,7.19102e-07,7.19102e-07,7.19102e-07,7.19102e-07,7.19102e-07,7.19102e-07,7.19102e-07,7.19102e-07,7.19102e-07,7.19102e-07,7.19102e-07,7.19102e-07,7.19102e-07
114,7.19102e-07,7.19102e-07,7.19102e-07,7.19102e-07,7.19102e-07,7.19102e-07,7.19102e-07,7.19102e-07,7.19102e-07,7.19102e-07,7.19102e-07,7.19102e-07
120,7.19102e-07,7.19102e-07,7.19102e-07,7.19102e-07,7.19102e-07,7.19102e-07,7.19102e-07,7.19102e-07,7.19102e-07,7.19102e-07
