6,1,1,0.884755,1,0.980675,0.981049,1,0.971055,0.970798,0.976502,1,1,0.988684,0.995739,1,1,0.892194,1,0.876402,1,0.988532,1,1,1,0.987525,1,0.910818,1,1,0.902266,1,1,0.870713,1,1,0.99624,0.872222,1,1,1,1,0.975326,0.937583,1,0.996529,0.93511,0.905196,0.981811,1,0.972818
12,1,1,0.937746,1,0.988811,0.988546,1,1,1,0.98122,1,1,0.992333,1,1,1,0.892194,1,1,1,0.988532,1,1,1,1,1,0.971631,1,1,0.907832,1,0.934451,1,1,0.99624,1,1,1,1,1,1,1,1,0.996529,0.93511,0.947128,1,1,0.972818
18,1,1,0.981801,1,0.99292,0.988546,1,1,1,0.982205,1,1,0.992333,1,1,1,0.931625,1,1,1,0.995431,1,1,1,1,1,0.984628,1,1,0.909783,1,0.934451,1,1,0.99624,1,1,1,1,1,1,1,1,0.996529,0.999898,0.947128,1,1,0.980989
24,1,1,0.986933,1,0.99292,1,1,1,1,0.983819,1,1,0.992333,1,1,1,1,1,1,1,0.995458,1,1,1,1,1,0.987844,1,1,0.91524,1,0.939003,1,1,0.99624,1,1,1,1,1,1,1,1,0.996529,0.999898,0.969765,1,1,0.980992
30,1,1,0.988546,1,0.99292,1,1,1,1,0.983819,1,1,0.992415,1,1,1,1,1,1,1,0.997008,1,1,1,1,1,0.989618,1,1,0.963669,1,0.939003,1,1,0.99624,1,1,1,1,1,1,1,1,0.996529,0.999898,0.969765,1,1,0.980992
36,1,1,0.988546,1,0.994566,1,1,1,1,0.98382,1,1,0.992415,1,1,1,1,1,1,1,0.997454,1,1,1,1,1,0.992919,1,1,0.963669,1,0.939003,1,1,0.99624,1,1,1,1,1,1,1,1,0.996529,0.999898,1,1,1,0.992162
42,1,1,0.995197,1,0.994566,1,1,1,1,0.98382,1,1,0.992415,1,1,1,1,1,1,1,0.997454,1,1,1,1,1,0.992919,1,1,0.978734,0.940456,1,1,0.99624,1,1,1,1,1,1,1,1,0.996529,0.999898,1,1,1,0.992162
48,1,1,0.995197,1,0.994566,1,1,1,1,0.98382,1,1,0.992415,1,1,1,1,1,1,1,1,1,1,1,1,1,0.99292,1,1,0.980993,0.941003,1,1,0.99624,1,1,1,1,1,1,1,1,0.996529,0.999898,1,1,1,0.995197
54,1,1,0.995197,1,0.995431,1,1,1,1,0.98382,1,1,0.992415,1,1,1,1,1,1,1,1,1,1,1,1,1,1,1,1,0.982206,0.941003,1,1,0.99624,1,1,1,1,1,1,1,1,0.996529,0.999898,1,1,1,0.995197
60,1,1,0.995197,1,0.995431,1,1,1,1,0.989159,1,1,0.992415,1,1,1,1,1,1,1,1,1,1,1,1,1,1,1,1,0.982553,0.957992,1,1,0.99624,1,1,1,1,1,1,1,1,0.996529,0.999898,1,1,1,0.995197
66,1,1,0.995197,1,0.995431,1,1,1,1,0.989159,1,1,0.992415,1,1,1,1,1,1,1,1,1,1,1,1,1,1,1,1,0.982553,1,1,1,1,1,1,1,1,1,1,0.957992,1,1,0.997217,1,1,1,1,1,1,1,1,0.996529,0.999898,1,1,1,0.995197
72,1,1,0.995197,1,0.995431,1,1,1,1,1,1,1,0.993388,1,1,1,1,1,1,1,1,1,1,1,1,1,1,1,1,0.982553,1,0.957992,1,1,0.997217,1,1,1,1,1,1,1,1,0.996529,0.999898,1,1,1,0.995197
78,1,1,0.995197,1,0.995431,1,1,1,1,1,1,1,0.993388,1,1,1,1,1,1,1,1,1,1,1,1,1,1,1,1,0.982553,1,0.957992,1,1,0.997217,1,1,1,1,1,1,1,1,0.996529,0.999898,1,1,1,0.995197
84,1,1,0.995197,1,0.995431,1,1,1,1,1,1,1,0.993388,1,1,1,1,1,1,1,1,1,1,1,1,1,1,1,1,0.982553,1,1,1,1,1,1,1,1,1,0.957992,1,1,0.997217,1,1,1,1,1,1,1,1,0.996529,0.999898,1,1,1,0.995197
90,1,1,0.995197,1,0.995431,1,1,1,1,1,1,1,0.993388,1,1,1,1,1,1,1,1,1,1,1,1,1,1,1,1,0.982553,1,1,0.957992,1,1,0.997217,1,1,1,1,1,1,1,1,0.996529,0.999898,1,1,1,0.995197
96,1,1,0.995197,1,0.995431,1,1,1,1,1,1,1,0.993388,1,1,1,1,1,1,1,1,1,1,1,1,1,1,1,1,0.982553,1,1,0.957992,1,1,0.997217,1,1,1,1,1,1,1,1,0.996632,0.999898,1,1,1,0.995197
102,1,1,0.995197,1,0.995431,1,1,1,1,1,1,1,0.993388,1,1,1,1,1,1,1,1,1,1,1,1,1,1,1,1,0.982553,1,1,0.957992,1,1,0.997217,1,1,1,1,1,1,1,1,0.996632,0.999898,1,1,1,0.995197
108,1,1,0.995197,1,0.995431,1,1,1,1,1,1,1,0.993388,1,1,1,1,1,1,1,1,1,1,1,1,1,1,1,1,0.982553,1,1,0.957992,1,1,0.997217,1,1,1,1,1,1,1,1,0.996632,0.999898,1,1,1,0.995197
114,1,1,0.995197,1,0.995431,1,1,1,1,1,1,1,0.993388,1,1,1,1,1,1,1,1,1,1,1,1,1,1,1,1,0.982553,1,0.957992,1,1,0.997217,1,1,1,1,1,1,1,1,0.996632,0.999898,1,1,1,0.995197
120,1,1,0.995197,1,0.995431,1,1,1,1,1,1,1,0.993388,1,1,1,1,1,1,1,1,1,1,1,1,1,1,1,1,0.982553,1,0.957992,1,1,0.997217,1,1,1,1,1,1,1,1,0.996632,0.999898,1,1,1,0.995197
