6,1,0.207955,0.164491,1,1,1,0.578332,1,1,0.722644,1,1,1,0.231309,1,1,1,0.817322,1,1,1,0.239635,1,0.708092,0.231309,0.172943,0.839698,1,0.484943,1,0.169372,1,1,1,1,1,0.161777,1,1,1,0.572415,1,1,1,1,1,1,1,1,1
12,1,1,0.169832,1,1,1,1,1,1,1,1,1,1,1,1,1,1,1,1,1,1,0.441472,1,0.816604,1,1,0.865967,1,0.498263,1,0.201749,1,1,1,1,1,0.864471,1,1,1,0.864447,1,1,1,1,1,1,1,1,1
18,1,1,0.81306,1,1,1,1,1,1,1,1,1,1,1,1,1,1,1,1,1,1,0.45864,1,1,1,1,0.865967,1,1,1,0.241108,1,1,1,1,1,0.864471,1,1,1,1,1,1,1,1,1,1,1,1,1
24,1,1,0.81306,1,1,1,1,1,1,1,1,1,1,1,1,1,1,1,1,1,1,0.45864,1,1,1,1,0.865967,1,1,1,1,1,1,1,1,1,0.864471,1,1,1,1,1,1,1,1,1,1,1,1,1
30,1,1,1,1,1,1,1,1,1,1,1,1,1,1,1,1,1,1,1,1,1,0.464039,1,1,1,1,0.865967,1,1,1,1,1,1,1,1,1,0.864472,1,1,1,1,1,1,1,1,1,1,1,1,1
36,1,1,1,1,1,1,1,1,1,1,1,1,1,1,1,1,1,1,1,1,1,0.464069,1,1,1,1,0.865967,1,1,1,1,1,1,1,1,1,0.865749,1,1,1,1,1,1,1,1,1,1,1,1,1
42,1,1,1,1,1,1,1,1,1,1,1,1,1,1,1,1,1,1,1,1,1,0.464069,1,1,1,1,0.865967,1,1,1,1,1,1,1,1,1,0.865755,1,1,1,1,1,1,1,1,1,1,1,1,1
48,1,1,1,1,1,1,1,1,1,1,1,1,1,1,1,1,1,1,1,1,1,0.464069,1,1,1,1,0.865967,1,1,1,1,1,1,1,1,1,0.865755,1,1,1,1,1,1,1,1,1,1,1,1,1
54,1,1,1,1,1,1,1,1,1,1,1,1,1,1,1,1,1,1,1,1,1,0.485902,1,1,1,1,0.865967,1,1,1,1,1,1,1,1,0.865755,1,1,1,1,1,1,1,1,1,1,1,1,1
60,1,1,1,1,1,1,1,1,1,1,1,1,1,1,1,1,1,1,1,1,1,0.485902,1,1,1,1,0.865967,1,1,1,1,1,1,1,1,0.865755,1,1,1,1,1,1,1,1,1,1,1,1,1
66,1,1,1,1,1,1,1,1,1,1,1,1,1,1,1,1,1,1,1,1,1,0.485902,1,1,1,1,0.865969,1,1,1,1,1,1,1,1,1,1,1,0.865755,1,1,1,1,1,1,1,1,1,1,1,1,1
72,1,1,1,1,1,1,1,1,1,1,1,1,1,1,1,1,1,1,1,1,1,0.616154,1,1,1,1,0.865969,1,1,1,1,1,1,1,1,1,0.865755,1,1,1,1,1,1,1,1,1,1,1,1,1
78,1,1,1,1,1,1,1,1,1,1,1,1,1,1,1,1,1,1,1,1,1,0.616154,1,1,1,1,0.865969,1,1,1,1,1,1,1,1,1,0.865755,1,1,1,1,1,1,1,1,1,1,1,1,1
84,1,1,1,1,1,1,1,1,1,1,1,1,1,1,1,1,1,1,1,1,1,0.631133,1,1,1,1,0.865969,1,1,1,1,1,1,1,1,1,0.865755,1,1,1,1,1,1,1,1,1,1,1,1,1
90,1,1,1,1,1,1,1,1,1,1,1,1,1,1,1,1,1,1,1,1,1,0.631133,1,1,1,1,0.865969,1,1,1,1,1,1,1,1,1,0.865755,1,1,1,1,1,1,1,1,1,1,1,1,1
96,1,1,1,1,1,1,1,1,1,1,1,1,1,1,1,1,1,1,1,1,1,0.631133,1,1,1,1,0.865969,1,1,1,1,1,1,1,1,1,0.865755,1,1,1,1,1,1,1,1,1,1,1,1,1
102,1,1,1,1,1,1,1,1,1,1,1,1,1,1,1,1,1,1,1,1,1,0.631139,1,1,1,1,0.865969,1,1,1,1,1,1,1,1,1,0.865755,1,1,1,1,1,1,1,1,1,1,1,1,1
108,1,1,1,1,1,1,1,1,1,1,1,1,1,1,1,1,1,1,1,1,1,0.631139,1,1,1,1,0.865969,1,1,1,1,1,1,1,1,1,0.865755,1,1,1,1,1,1,1,1,1,1,1,1,1
114,1,1,1,1,1,1,1,1,1,1,1,1,1,1,1,1,1,1,1,1,1,0.676062,1,1,1,1,0.865969,1,1,1,1,1,1,1,1,1,0.865755,1,1,1,1,1,1,1,1,1,1,1,1,1
120,1,1,1,1,1,1,1,1,1,1,1,1,1,1,1,1,1,1,1,1,1,0.676196,1,1,1,1,0.865969,1,1,1,1,1,1,1,1,1,0.865755,1,1,1,1,1,1,1,1,1,1,1,1,1
