2011
2015
2013
2015
2021
2019
2014
2014
2021
2023
2018
2002
2020
2007
2014
2010
2011
2016
2018
2018
2019
2014
2020
2003
2019
2004
2013
2017
1999
2014
2015
2018
2011
2019
2006
2021
2007
2013
2020
2019
2011
2008
2018
2014
2021
2023
1998
2023
2006
2020
2005
2022
2001
2013
2009
2004
2009
2017
2014
2005
1999
2015
2022
2021
2020
2014
1996
2023
2007
2013
1994
2011
2012
2012
1999
2009
2022
2015
2017
2014
2017
2009
2023
2016
2006
2001
2008
2017
2007
2013
2012
2017
2022
2020
2015
2020
1996
2000
1992
2020
2020
2017
2005
2003
2014
2021
2000
2022
2009
2015
2020
1999
2013
2022
2010
2010
2023
2012
2013
2023
2018
1999
2012
2013
2009
2015
2015
2023
2010
2020
2008
2017
2016
