2021
2011
2022
2021
2013
2008
2005
2021
2023
2022
2022
2023
2023
2021
2012
2013
2011
2021
2018
2010
2023
2005
2012
2017
2006
2003
2010
2021
2001
2016
2009
2011
2005
2018
2017
2014
2018
2014
1994
2019
2001
2018
2008
2021
2008
2018
2014
2004
2003
2014
2019
2020
2000
1994
2023
2014
2021
2013
2015
2017
2001
1999
2013
2019
2014
2002
2011
2015
2008
2021
2001
2014
2022
2012
2013
2022
2014
2023
2023
2008
2012
2021
2021
2004
2023
2023
2011
2007
2006
2023
2018
2017
2023
2023
2004
2006
2002
2003
2010
2013
2011
2022
2018
2014
2023
2005
2016
2012
2016
2022
2014
2009
2012
2007
2021
2018
2004
1997
2002
2015
2018
2006
2013
2014
2001
2018
2006
2018
2022
2021
2005
2019
2014
2010
2001
2022
2012
2010
2016
1999
2014
2021
2011
2017
2009
2020
2019
2014
2010
2008
2008
2023
2017
1998
2013
2022
2023
2017
2015
2007
1994
2008
2020
2016
2012
1994
2012
2001
2013
2022
2005
2020
2023
2003
2007
2017
2003
2008
2023
1999
2009
2017
2009
2004
1998
2012
2021
2021
2022
2001
1999
2000
2010
2006
2007
2015
2015
2015
2016
2014
2020
2018
2021
2022
2022
2022
2022
2005
2022
2022
2020
2019
2001
2018
2020
2022
2023
2023
2021
2013
2004
2017
2009
2014
2004
1999
2015
2015
2005
2002
2009
2022
2004
2021
2017
1994
2020
1996
2007
2023
2013
2008
2014
2020
1998
2012
1996
2009
2011
2014
2022
2017
2003
2017
2013
2011
2009
2012
2010
2023
2016
1999
2001
2006
1990
2020
2017
2008
2021
2017
2020
2014
2000
2019
2020
2022
1994
1994
2003
2020
2005
2023
2005
2023
1996
2021
2014
2020
2000
2017
2009
2015
2009
2022
1999
2020
2013
2010
2010
2012
2022
2023
2013
2023
1997
2018
2001
2012
2000
2013
2009
2023
2010
2023
2021
2022
2009
